   -2.747166    -1.076159     1.000000      1
   -0.596349    -0.049626     1.000000      1
    1.116105     1.079283     1.000000      1
    0.720310     1.155355     1.000000      1
   -0.977729    -0.067427     1.000000      1
    0.568865     0.334060     1.000000      1
   -0.394888     0.277399     1.000000      1
    0.108811     1.023427     1.000000      1
   -2.590324    -0.618224     1.000000      1
    2.689652     2.735941     1.000000      1
    1.621143     1.814563     1.000000      1
    0.500798     1.179118     1.000000      1
    2.409038     2.247220     1.000000      1
    0.530434     0.731886     1.000000      1
    1.950068     1.603076     1.000000      1
   -0.855315    -1.591955     0.000000      2
   -1.434820    -2.465245     0.000000      2
    2.481571    -0.587314     0.000000      2
   -0.473969    -1.847613     0.000000      2
    0.653534    -1.341534     0.000000      2
   -2.003564    -2.636169     0.000000      2
    0.367962    -0.965210     0.000000      2
   -3.285946    -3.331570     0.000000      2
   -1.142374    -2.394944     0.000000      2
    0.657832    -1.064069     0.000000      2
   -2.654476    -2.708642     0.000000      2
   -2.553790    -3.661715     0.000000      2
   -2.395245    -2.862193     0.000000      2
   -1.974799    -2.705905     0.000000      2
   -4.505973    -3.058940     0.000000      2
   -1.499913    -0.942692     0.000000      3
    3.746925     1.229186     0.000000      3
    0.927723     0.450429     0.000000      3
    2.373949     0.697071     0.000000      3
    1.045088     0.011175     0.000000      3
    2.859849     1.584496     0.000000      3
   -2.725051    -1.593847     0.000000      3
    0.182584    -0.400234     0.000000      3
    0.151747    -0.199170     0.000000      3
   -1.306714    -0.386325     0.000000      3
    1.004495     0.071391     0.000000      3
   -2.113985    -1.348556     0.000000      3
   -0.770184    -0.549395     0.000000      3
   -0.298441    -0.545833     0.000000      3
    0.579130     0.315422     0.000000      3
    0.243094     0.082129     1.000000      4
    1.278770     0.557224     1.000000      4
    0.833201     0.748269     1.000000      4
    0.112349     0.217868     1.000000      4
    3.139339     1.880069     1.000000      4
    0.004074    -0.095642     1.000000      4
    2.274432     0.320037     1.000000      4
    0.125152    -0.525291     1.000000      4
   -0.327602    -0.583914     1.000000      4
    2.720605     1.307766     1.000000      4
   -0.200317    -0.020473     1.000000      4
   -0.481272    -0.543502     1.000000      4
    1.246903     0.665249     1.000000      4
   -1.888541    -1.161156     1.000000      4
    0.201779    -0.255632     1.000000      4
   -2.420390    -0.285650     0.000000      5
    2.010633     2.390734     0.000000      5
    0.767725     1.781552     0.000000      5
    3.017430     3.550938     0.000000      5
    0.776962     1.556504     0.000000      5
    2.362884     2.743985     0.000000      5
    2.235565     2.268232     0.000000      5
    0.691885     1.551709     0.000000      5
   -1.761497    -0.424943     0.000000      5
    0.083667     1.438888     0.000000      5
    0.386010     1.761825     0.000000      5
    0.648339     1.389550     0.000000      5
    0.804990     1.578529     0.000000      5
   -0.655493     0.787840     0.000000      5
    2.042863     2.105082     0.000000      5
   -2.299244    -1.056340     0.000000      6
   -0.549253    -0.188829     0.000000      6
   -0.319628     0.282408     0.000000      6
   -1.956055    -1.447097     0.000000      6
    1.533746     0.708971     0.000000      6
    1.138274     0.565294     0.000000      6
    0.890893     1.025935     0.000000      6
   -2.529567    -1.583713     0.000000      6
   -1.669322    -0.988836     0.000000      6
   -0.266478     0.191435     0.000000      6
   -2.307544    -0.533699     0.000000      6
   -0.514573    -0.467945     0.000000      6
   -0.321042    -0.477125     0.000000      6
   -0.051914    -0.315249     0.000000      6
    2.467165     1.875863     0.000000      6
   -0.242730     2.456453     1.000000      7
   -0.832772     1.241929     1.000000      7
    0.879681     2.990913     1.000000      7
   -0.623718     1.069612     1.000000      7
    2.105730     1.881442     1.000000      7
    2.459322     3.428770     1.000000      7
    0.315611     2.681912     1.000000      7
    0.547682     2.033110     1.000000      7
    1.641513     3.719607     1.000000      7
   -0.787469     1.409671     1.000000      7
    1.469025     2.822450     1.000000      7
   -1.854271     0.952076     1.000000      7
    4.360668     4.161906     1.000000      7
    1.411277     2.985582     1.000000      7
    0.630806     2.233526     1.000000      7
    3.191077     2.265053     1.000000      8
    0.125647     0.574029     1.000000      8
    0.991660     1.031592     1.000000      8
   -0.615005     0.211131     1.000000      8
   -0.529329     0.786502     1.000000      8
   -0.219107     1.234823     1.000000      8
    3.747493     2.964026     1.000000      8
    0.791091     0.991258     1.000000      8
   -1.289609     0.507590     1.000000      8
    0.261870     0.904619     1.000000      8
   -2.550786    -0.833279     1.000000      8
    1.593813     1.918719     1.000000      8
   -1.632459    -0.198554     1.000000      8
    0.788445     1.190289     1.000000      8
   -0.783207    -0.204828     1.000000      8
    2.391115     1.773807     1.000000      9
   -1.367417    -0.503159     1.000000      9
    0.564766     1.003128     1.000000      9
    2.143525     1.736654     1.000000      9
    2.561926     1.963610     1.000000      9
    3.004138     1.660515     1.000000      9
    0.120857     0.282396     1.000000      9
    1.132186     0.475795     1.000000      9
   -2.613949    -1.034964     1.000000      9
   -1.879818    -0.708159     1.000000      9
    2.793275     1.631584     1.000000      9
    1.328946     1.115128     1.000000      9
    2.511011     1.359113     1.000000      9
   -1.093196    -0.884735     1.000000      9
    1.170008     0.873720     1.000000      9
   -0.772201    -1.102142     1.000000     10
    0.591002    -0.384845     1.000000     10
   -0.699175    -0.710703     1.000000     10
   -0.788361    -1.257273     1.000000     10
   -0.597564    -1.472072     1.000000     10
   -1.145377    -1.262086     1.000000     10
    0.706443    -0.212146     1.000000     10
    0.082344    -0.571083     1.000000     10
    4.075468     1.257415     1.000000     10
   -0.355721    -0.122317     1.000000     10
   -0.683435    -1.168473     1.000000     10
   -2.423587    -2.182370     1.000000     10
   -2.451625    -1.459617     1.000000     10
    1.408327     0.286087     1.000000     10
   -0.355533    -0.304328     1.000000     10
    2.774718     1.698949     0.000000     11
   -0.423248    -0.313180     0.000000     11
    0.155504     0.710339     0.000000     11
    0.741058     0.610892     0.000000     11
    1.874224     1.012138     0.000000     11
   -0.834406    -0.508380     0.000000     11
    0.437773     0.955762     0.000000     11
   -0.553749    -0.044398     0.000000     11
   -1.769430    -0.795273     0.000000     11
    2.217839     1.620459     0.000000     11
    0.759495     1.108839     0.000000     11
    2.475154     1.902885     0.000000     11
   -1.640296    -0.171647     0.000000     11
   -1.686651    -1.289758     0.000000     11
    3.358055     2.340317     0.000000     11
   -0.741742     0.287452     0.000000     12
    0.025874     0.072909     0.000000     12
    0.108054     0.341735     0.000000     12
   -1.371167    -0.913958     0.000000     12
   -2.100847    -1.222468     0.000000     12
    0.844045     0.010755     0.000000     12
    3.538160     1.728272     0.000000     12
    1.791672     1.444264     0.000000     12
   -0.060977    -0.569094     0.000000     12
   -2.161973    -1.454572     0.000000     12
    1.044275     0.331131     0.000000     12
   -0.570281    -0.288255     0.000000     12
   -4.191302    -2.881686     0.000000     12
    0.864099     0.622365     0.000000     12
    1.094485     0.872288     0.000000     12
   -3.338968    -1.674064     1.000000     13
    2.375937     1.742827     1.000000     13
    1.686054     0.511270     1.000000     13
    3.958506     2.174264     1.000000     13
    0.262874     0.097458     1.000000     13
    2.799361     1.590891     1.000000     13
   -2.966263    -1.437344     1.000000     13
    0.990072     0.290598     1.000000     13
    1.233042     0.909742     1.000000     13
    2.616433     0.947182     1.000000     13
    0.525515     0.137325     1.000000     13
    0.063526     0.407761     1.000000     13
   -2.350917    -1.444947     1.000000     13
   -3.614471    -1.976183     1.000000     13
   -0.108708    -0.787946     1.000000     13
    1.112376     0.324057     1.000000     14
   -0.860092    -0.589890     1.000000     14
    1.647427     0.712700     1.000000     14
    2.874947     2.268430     1.000000     14
   -1.189334    -0.473049     1.000000     14
    1.921510     0.854731     1.000000     14
    0.360793    -0.148086     1.000000     14
    0.235985    -0.463656     1.000000     14
    1.938438     0.682659     1.000000     14
    1.429571     0.622491     1.000000     14
   -0.771681    -0.865475     1.000000     14
   -1.124333    -0.548247     1.000000     14
   -0.671141    -0.675689     1.000000     14
    0.392770     0.299721     1.000000     14
   -2.846496    -1.431199     1.000000     14
    0.397173    -0.027154     1.000000     15
   -0.886908    -1.226645     1.000000     15
    0.470864    -0.137417     1.000000     15
   -1.433422    -0.876477     1.000000     15
    0.309432    -0.126285     1.000000     15
   -2.806134    -1.926967     1.000000     15
   -1.479177    -1.202692     1.000000     15
    0.368474     0.134255     1.000000     15
    0.331517    -0.217201     1.000000     15
    0.885183     0.038625     1.000000     15
    0.390573     0.331409     1.000000     15
    2.786115     1.541543     1.000000     15
   -2.015931    -1.264344     1.000000     15
    2.427490     0.651118     1.000000     15
    0.050903     0.181267     1.000000     15
   -3.446011    -1.227896     0.000000     16
   -1.214731     0.041051     0.000000     16
    0.228792     1.430234     0.000000     16
    1.469759     1.375991     0.000000     16
    1.361552     1.253296     0.000000     16
   -0.392942     0.814588     0.000000     16
    2.150139     1.700143     0.000000     16
    1.073589     1.186189     0.000000     16
    2.234730     2.332533     0.000000     16
   -1.349236     0.082390     0.000000     16
   -1.791980    -0.401346     0.000000     16
    5.338172     3.865945     0.000000     16
    1.860611     2.011952     0.000000     16
    1.259676     1.954273     0.000000     16
    3.414882     2.599227     0.000000     16
    1.512682     1.625704     1.000000     17
    1.003959     1.706871     1.000000     17
    0.402708     1.223793     1.000000     17
   -1.032201     0.309667     1.000000     17
   -0.703348    -0.003299     1.000000     17
   -0.741117     0.488189     1.000000     17
    0.654799     1.399986     1.000000     17
   -1.084933     0.013547     1.000000     17
   -1.208187     0.584236     1.000000     17
   -1.015177     0.222101     1.000000     17
    3.812393     3.092303     1.000000     17
    0.872098     0.977807     1.000000     17
   -2.849460    -0.634193     1.000000     17
    2.471123     2.441802     1.000000     17
    1.246680     1.556561     1.000000     17
    0.463775    -1.179326     1.000000     18
    1.667467     0.345905     1.000000     18
    2.874383     0.710530     1.000000     18
    0.201638    -1.197475     1.000000     18
    1.006077    -0.775193     1.000000     18
    2.191420    -0.090169     1.000000     18
   -0.495757    -0.261280     1.000000     18
    0.918361     0.067943     1.000000     18
    1.721448     0.312462     1.000000     18
   -0.441995    -1.496456     1.000000     18
   -0.307859    -0.616549     1.000000     18
   -0.411135    -1.016089     1.000000     18
   -1.397105    -1.554656     1.000000     18
   -0.457737    -0.659110     1.000000     18
    2.029710     0.651585     1.000000     18
    3.562791     2.119144     0.000000     19
   -1.073051    -0.359079     0.000000     19
   -1.061459    -1.349561     0.000000     19
   -0.057180    -0.057947     0.000000     19
   -1.942482    -1.631416     0.000000     19
    0.469479    -0.322392     0.000000     19
    4.295927     1.495842     0.000000     19
   -0.412438    -0.798609     0.000000     19
    2.506172     1.003992     0.000000     19
    0.750315    -0.179216     0.000000     19
    2.283991     1.427280     0.000000     19
    0.493943    -0.377039     0.000000     19
    0.389593     0.306091     0.000000     19
    1.653575     0.254833     0.000000     19
   -0.054758    -0.318635     0.000000     19
   -2.070878    -0.617081     0.000000     20
   -0.096876     0.395302     0.000000     20
    0.370493     1.361691     0.000000     20
   -5.086917    -1.970503     0.000000     20
    0.348953     1.150549     0.000000     20
    0.828356     1.353015     0.000000     20
   -2.416993    -0.529274     0.000000     20
   -4.499098    -1.875566     0.000000     20
    0.950526     1.909056     0.000000     20
    0.969191     1.419323     0.000000     20
    1.940127     1.586315     0.000000     20
    3.119689     2.715119     0.000000     20
    0.861746     1.133885     0.000000     20
   -1.135558    -0.876143     0.000000     20
    1.543611     1.753215     0.000000     20
    0.605922    -0.430661     0.000000     21
   -1.373259    -1.400962     0.000000     21
   -1.986176    -1.110545     0.000000     21
    0.356134    -0.284539     0.000000     21
   -1.674669    -1.154455     0.000000     21
   -1.519347    -1.505496     0.000000     21
   -0.033569    -0.420834     0.000000     21
   -1.643266    -1.414117     0.000000     21
   -1.852560    -2.093467     0.000000     21
    0.524778    -0.139793     0.000000     21
   -2.480260    -2.005553     0.000000     21
   -3.284240    -2.248713     0.000000     21
   -1.198959    -1.634395     0.000000     21
    0.475162    -0.204158     0.000000     21
    0.363693    -0.614595     0.000000     21
    0.153165    -0.547026     0.000000     21
    0.955175     0.692395     0.000000     21
    1.456754    -0.382937     0.000000     21
    0.320317    -0.335146     0.000000     21
   -0.889984    -1.689087     0.000000     21
   -2.723519    -1.721500     0.000000     22
   -1.357236    -0.235889     0.000000     22
    2.181913     1.167645     0.000000     22
    1.856381     1.572280     0.000000     22
    1.701803     0.983533     0.000000     22
   -0.574259    -0.559175     0.000000     22
   -0.753208     0.288419     0.000000     22
    0.609392     0.293167     0.000000     22
    0.489047     0.909848     0.000000     22
   -0.298777    -0.280044     0.000000     22
    2.551648     1.153798     0.000000     22
   -0.649773    -0.130945     0.000000     22
    0.302201     0.676280     0.000000     22
   -0.983540     0.007964     0.000000     22
   -3.114532    -1.046542     0.000000     22
   -0.805174    -0.555954     0.000000     22
   -0.399549    -0.359318     0.000000     22
   -1.131742    -0.195210     0.000000     22
    2.285527     1.804543     0.000000     22
   -0.340735    -0.038448     0.000000     22
    2.825251     1.661997     1.000000     23
    0.463639    -0.073336     1.000000     23
    2.141682     1.424668     1.000000     23
    1.309054     1.170899     1.000000     23
    2.162075     1.206271     1.000000     23
    0.929760     0.825416     1.000000     23
    0.542323     0.824990     1.000000     23
   -0.997654    -0.513359     1.000000     23
    3.356591     2.226841     1.000000     23
    3.738575     2.485546     1.000000     23
    0.636491     0.621991     1.000000     23
    1.907975     0.978581     1.000000     23
   -0.610064     0.039988     1.000000     23
    2.588179     2.118139     1.000000     23
   -0.736408    -1.108336     1.000000     23
   -0.060295    -0.019500     1.000000     23
   -0.606860     0.486544     1.000000     23
   -1.216618     0.485888     1.000000     23
    0.041474    -0.067080     1.000000     23
    1.650060     1.618841     1.000000     23
   -1.207775    -1.136107     1.000000     24
    1.201248    -0.008731     1.000000     24
   -0.606930    -0.692460     1.000000     24
    0.020532    -0.683349     1.000000     24
   -3.322866    -2.577476     1.000000     24
    1.156766    -0.566376     1.000000     24
    0.756021    -0.516883     1.000000     24
    0.044346    -0.852245     1.000000     24
    2.223768     0.437255     1.000000     24
    3.016471     0.321667     1.000000     24
   -1.347670    -1.040846     1.000000     24
    0.787629    -0.502106     1.000000     24
    0.716666    -0.083662     1.000000     24
   -1.558783    -1.109951     1.000000     24
   -0.943948    -0.537447     1.000000     24
    1.158075     0.226647     1.000000     24
   -0.125474    -0.577137     1.000000     24
   -1.297300    -1.772873     1.000000     24
   -0.338498    -0.258837     1.000000     24
    2.538701     0.276848     1.000000     24
    0.369861     0.911265     0.000000     25
   -3.403772    -1.597827     0.000000     25
   -0.036801     0.310179     0.000000     25
   -2.899659    -1.483936     0.000000     25
    2.488878     1.536353     0.000000     25
    2.233032     1.967715     0.000000     25
    2.114237     2.087658     0.000000     25
   -0.369164     0.746994     0.000000     25
    0.468432     0.659398     0.000000     25
    1.069293     0.816512     0.000000     25
    1.087371     1.279030     0.000000     25
    2.661008     1.781474     0.000000     25
    0.083997     0.057274     0.000000     25
    0.632357     0.204218     0.000000     25
   -1.487614    -0.653243     0.000000     25
   -0.262322     0.047764     0.000000     25
    0.367125    -0.107867     0.000000     25
   -0.989691    -0.091497     0.000000     25
   -3.188832    -1.602723     0.000000     25
    0.301603     0.238334     0.000000     25
   -0.337999     0.222312     1.000000     26
   -0.148512    -0.362847     1.000000     26
   -3.581949    -1.667940     1.000000     26
    3.096149     1.844686     1.000000     26
    2.157522     1.121260     1.000000     26
    1.194834     1.240589     1.000000     26
    0.100367     0.024765     1.000000     26
   -1.129988    -0.221096     1.000000     26
    0.451185     0.619756     1.000000     26
    0.898742     1.079080     1.000000     26
   -0.405956    -0.098099     1.000000     26
    0.913027     1.716964     1.000000     26
    2.332877     1.011040     1.000000     26
    0.351796     0.429985     1.000000     26
    0.472649     0.673364     1.000000     26
    0.680017     0.831049     1.000000     26
    0.103595     0.669051     1.000000     26
    0.929471     0.940615     1.000000     26
    3.012563     2.208948     1.000000     26
    0.115063     0.398670     1.000000     26
   -0.058599    -0.908467     1.000000     27
   -0.844289    -1.076205     1.000000     27
    0.189099    -0.772310     1.000000     27
    0.382507    -0.404950     1.000000     27
    1.162919    -0.728534     1.000000     27
   -1.565749    -1.250736     1.000000     27
   -0.460309    -0.960043     1.000000     27
   -0.405214    -1.622801     1.000000     27
   -0.410207    -0.698782     1.000000     27
    1.493699     0.029245     1.000000     27
   -0.738082    -0.946967     1.000000     27
   -1.962297    -1.555824     1.000000     27
   -0.580377    -0.747728     1.000000     27
   -0.741556    -0.754364     1.000000     27
    2.081412     0.698555     1.000000     27
   -0.294032    -0.356657     1.000000     27
    0.237031    -0.857248     1.000000     27
    1.203108     0.212182     1.000000     27
   -0.708887    -1.084472     1.000000     27
   -2.994113    -1.922842     1.000000     27
   -0.139807     0.859294     1.000000     28
    2.145546     1.376709     1.000000     28
   -1.317123     0.162721     1.000000     28
    4.468381     2.801945     1.000000     28
   -0.017432     0.386058     1.000000     28
    1.520295     1.392328     1.000000     28
   -0.850397     0.898790     1.000000     28
   -0.964720     0.713265     1.000000     28
   -1.327252    -0.142472     1.000000     28
    0.876029     1.779809     1.000000     28
   -0.972696     0.305603     1.000000     28
    2.764024     2.333565     1.000000     28
   -1.238808    -0.353544     1.000000     28
   -1.908421    -0.824635     1.000000     28
   -1.555493    -0.614428     1.000000     28
    1.431312     1.831637     1.000000     28
    1.786945     1.444406     1.000000     28
   -1.988788    -0.279270     1.000000     28
    1.276263     1.121248     1.000000     28
    0.050783     0.735423     1.000000     28
   -3.060120    -2.277764     0.000000     29
   -3.013311    -2.230396     0.000000     29
   -0.395799     0.016745     0.000000     29
   -1.035086    -0.944731     0.000000     29
   -1.763905    -0.764659     0.000000     29
    4.241631     2.416401     0.000000     29
    0.542931    -0.127473     0.000000     29
    2.276036     1.217043     0.000000     29
   -2.614663    -1.858252     0.000000     29
    2.108744     1.084644     0.000000     29
   -1.565088    -0.515917     0.000000     29
   -1.466671    -1.274406     0.000000     29
   -1.439248    -1.377804     0.000000     29
   -0.868881    -0.712132     0.000000     29
    1.502995    -0.118926     0.000000     29
   -1.193429    -1.419455     0.000000     29
   -1.471910    -0.810308     0.000000     29
    0.860223     0.026023     0.000000     29
   -1.588015    -0.968360     0.000000     29
    1.555666     0.517231     0.000000     29
    0.416261     0.155409     1.000000     30
   -0.577377     0.136853     1.000000     30
   -0.292512     0.324009     1.000000     30
   -1.967958    -1.223932     1.000000     30
    0.298490     0.406676     1.000000     30
   -1.031725    -0.861998     1.000000     30
   -1.330713    -0.360072     1.000000     30
   -0.301711    -0.267218     1.000000     30
    1.567166     0.914914     1.000000     30
    3.039193     2.009752     1.000000     30
    0.571338     0.220312     1.000000     30
   -1.135305    -0.768965     1.000000     30
    1.678110     1.547998     1.000000     30
    0.747052     0.580837     1.000000     30
   -0.460011    -0.347106     1.000000     30
    1.617429     0.892791     1.000000     30
    0.581903     1.007483     1.000000     30
   -0.235241    -0.086909     1.000000     30
   -0.297206    -0.167723     1.000000     30
   -0.371932    -0.196244     1.000000     30
   -0.817805    -0.891409     1.000000     31
    0.301484    -0.011285     1.000000     31
   -1.014901    -0.786333     1.000000     31
    1.304892     0.094009     1.000000     31
   -0.961234    -1.052946     1.000000     31
    0.955316     0.001910     1.000000     31
    2.018902     0.706133     1.000000     31
   -0.840284    -0.954788     1.000000     31
    0.609606    -0.564089     1.000000     31
    1.621495     0.619186     1.000000     31
    0.146857     0.259233     1.000000     31
   -2.027112    -1.581687     1.000000     31
   -0.484630    -0.648151     1.000000     31
   -1.008410    -0.816444     1.000000     31
   -0.050846    -0.018186     1.000000     31
    0.761892    -0.006476     1.000000     31
    1.167494     0.380243     1.000000     31
    0.154561    -0.187955     1.000000     31
   -1.584313    -1.202609     1.000000     31
   -0.498366    -0.470650     1.000000     31
   -0.756092    -0.364390     1.000000     32
    2.658871     0.378335     1.000000     32
    0.284778    -0.034383     1.000000     32
    1.403690     0.219470     1.000000     32
    0.374816    -0.166528     1.000000     32
   -0.467869    -0.140212     1.000000     32
   -3.309840    -2.089504     1.000000     32
   -0.653905    -0.296158     1.000000     32
   -1.558708    -1.333273     1.000000     32
    0.002064    -0.116871     1.000000     32
    0.077786     0.217472     1.000000     32
   -0.871405    -0.474055     1.000000     32
   -0.815280    -1.014451     1.000000     32
    1.218758     0.991101     1.000000     32
   -0.754121    -0.239763     1.000000     32
    0.334305    -0.180932     1.000000     32
   -1.155646    -0.646999     1.000000     32
   -0.437179     0.186736     1.000000     32
   -0.779802    -0.768955     1.000000     32
    1.427820     0.563565     1.000000     32
    1.264613     1.264750     0.000000     33
    0.917724     1.271058     0.000000     33
    1.953853     1.612029     0.000000     33
    1.523716     1.470022     0.000000     33
    0.962912     1.302519     0.000000     33
    0.636215     0.813290     0.000000     33
    1.851508     2.083792     0.000000     33
    0.546350     0.734829     0.000000     33
    1.392442     1.711841     0.000000     33
    1.427379     1.722019     0.000000     33
    1.015937     1.125923     0.000000     33
    1.220133     1.709264     0.000000     33
   -2.607603    -1.196810     0.000000     33
    2.455553     1.900052     0.000000     33
   -0.040520     0.365551     0.000000     33
    0.674434     0.864797     0.000000     33
    0.567113     1.545183     0.000000     33
    0.825336     1.384317     0.000000     33
    2.327221     2.015885     0.000000     33
    1.892465     1.598168     0.000000     33
   -0.923411    -1.634987     1.000000     34
    0.633797    -0.852670     1.000000     34
   -2.039933    -2.469864     1.000000     34
    0.967392    -0.763933     1.000000     34
   -3.081044    -3.038086     1.000000     34
   -0.442839    -1.657601     1.000000     34
   -1.723276    -2.276622     1.000000     34
    2.160652     0.084303     1.000000     34
   -4.233230    -3.765339     1.000000     34
    0.375361    -0.852304     1.000000     34
   -3.568484    -2.831559     1.000000     34
    0.813109    -0.332418     1.000000     34
    1.261915    -0.655761     1.000000     34
   -0.513589    -1.476298     1.000000     34
    0.041674    -1.101238     1.000000     34
    0.315281    -0.941068     1.000000     34
   -0.263617    -1.166238     1.000000     34
   -0.384877    -1.981418     1.000000     34
   -0.405889    -1.198868     1.000000     34
   -0.033798    -1.079888     1.000000     34
    0.442413    -0.385033     1.000000     35
    0.270750     0.208300     1.000000     35
   -0.433578    -0.244406     1.000000     35
    0.643721     0.148981     1.000000     35
    0.446367     0.025329     1.000000     35
   -1.290033    -0.512237     1.000000     35
   -1.348966    -1.604061     1.000000     35
   -1.485738    -0.919604     1.000000     35
    2.876779     0.841416     1.000000     35
   -2.429352    -2.651271     1.000000     35
    2.436843     0.682603     1.000000     35
   -0.850143    -0.815313     1.000000     35
    1.608203     1.131594     1.000000     35
   -1.502869    -0.588515     1.000000     35
    2.076048     1.106105     1.000000     35
   -0.938110    -0.409668     1.000000     35
   -1.716507    -0.737891     1.000000     35
    0.114956    -0.323582     1.000000     35
    2.813488     1.056745     1.000000     35
   -0.728999    -0.942897     1.000000     35
   -0.161561    -0.000368     1.000000     36
   -1.598860    -0.471230     1.000000     36
    3.768620     3.023701     1.000000     36
   -1.630432     0.080456     1.000000     36
    2.338338     2.255927     1.000000     36
    1.348532     1.638661     1.000000     36
    3.363651     2.513366     1.000000     36
    0.907279     1.286590     1.000000     36
    2.146678     1.662589     1.000000     36
    0.002235     0.913336     1.000000     36
    2.545951     1.901912     1.000000     36
    2.414307     1.917654     1.000000     36
   -0.039520     0.227850     1.000000     36
   -0.303288    -0.340700     1.000000     36
   -2.987888    -1.728579     1.000000     36
    1.225241     0.668809     1.000000     36
    2.290676     1.845449     1.000000     36
    1.549720     1.696916     1.000000     36
   -0.908403     0.338943     1.000000     36
    0.354228    -0.011468     1.000000     36
    0.896156     1.454026     0.000000     37
   -1.244846    -0.030555     0.000000     37
   -0.963099    -0.733866     0.000000     37
    0.889325     1.112057     0.000000     37
    0.720777     0.451835     0.000000     37
    0.637690     0.335979     0.000000     37
    0.491902     0.092740     0.000000     37
   -2.543659    -0.898248     0.000000     37
    1.608352     0.938151     0.000000     37
   -0.851861     0.093641     0.000000     37
   -0.937274    -1.088507     0.000000     37
    1.571198     1.246682     0.000000     37
   -1.902800    -1.225156     0.000000     37
    1.758588     1.852301     0.000000     37
   -0.699135    -0.380660     0.000000     37
   -2.114046    -0.844030     0.000000     37
   -1.087717    -1.058183     0.000000     37
   -0.237483    -0.055138     0.000000     37
    1.168749     0.705914     0.000000     37
    0.760501     0.532432     0.000000     37
   -1.661813    -0.505753     1.000000     38
    1.547290     1.315878     1.000000     38
   -0.044013     0.557378     1.000000     38
    0.971465     0.834062     1.000000     38
   -1.986748    -0.439005     1.000000     38
    3.458199     2.348138     1.000000     38
   -1.602688    -0.315757     1.000000     38
    2.624801     1.941554     1.000000     38
    2.490342     1.979557     1.000000     38
    0.974106     1.012898     1.000000     38
   -0.406424     0.666942     1.000000     38
    3.490381     2.131549     1.000000     38
   -2.843800     0.002104     1.000000     38
   -0.807979    -0.091763     1.000000     38
   -0.752240    -0.054255     1.000000     38
    2.402921     1.991199     1.000000     38
    1.521845     1.342419     1.000000     38
    1.180003     0.844754     1.000000     38
    2.583473     2.052541     1.000000     38
    1.045612     1.351611     1.000000     38
   -0.413492    -0.574359     0.000000     39
    0.679443     0.579669     0.000000     39
   -1.519932    -1.569480     0.000000     39
   -1.878644    -1.328759     0.000000     39
   -1.934193    -0.637975     0.000000     39
   -1.298902     0.018802     0.000000     39
   -2.291407    -0.675523     0.000000     39
    0.861894     0.373725     0.000000     39
   -1.878158    -0.492607     0.000000     39
   -0.618321    -0.218950     0.000000     39
    0.853625     0.383677     0.000000     39
    0.973361     1.007407     0.000000     39
    0.751551     0.692564     0.000000     39
    0.131307     0.467278     0.000000     39
   -1.380652    -0.417578     0.000000     39
   -1.089371    -0.441960     0.000000     39
   -1.239465    -0.355579     0.000000     39
   -1.628393    -1.067273     0.000000     39
   -0.507521    -0.186116     0.000000     39
   -0.383867    -0.292405     0.000000     39
    1.193446     2.001192     1.000000     40
   -0.874796     1.219824     1.000000     40
    3.499727     3.648425     1.000000     40
    1.260384     2.603757     1.000000     40
    3.506808     3.771291     1.000000     40
   -0.256070     1.680048     1.000000     40
    3.891935     4.129866     1.000000     40
   -0.654828     1.466708     1.000000     40
    1.095973     2.067103     1.000000     40
    2.458085     3.197895     1.000000     40
    1.987930     3.314937     1.000000     40
    1.025294     2.035060     1.000000     40
    0.272373     1.699087     1.000000     40
    1.259027     2.666455     1.000000     40
    3.389443     4.076039     1.000000     40
   -1.394954     0.498304     1.000000     40
    0.631701     2.539737     1.000000     40
    1.587571     2.523948     1.000000     40
    0.987301     1.746493     1.000000     40
    2.785967     3.582971     1.000000     40
    0.425264     0.853491     1.000000     41
    1.145477     0.711488     1.000000     41
   -1.467171     0.112231     1.000000     41
   -0.601429     0.266837     1.000000     41
   -1.425594    -0.417229     1.000000     41
   -0.518801    -0.015447     1.000000     41
   -3.809030    -1.626962     1.000000     41
    1.150147     1.320652     1.000000     41
    0.188170     0.602488     1.000000     41
   -2.644814    -1.083654     1.000000     41
    0.072236     0.166162     1.000000     41
   -4.001297    -2.304085     1.000000     41
   -0.180228     0.822118     1.000000     41
    3.519645     1.757452     1.000000     41
    1.334459     1.097764     1.000000     41
   -1.579765    -0.639070     1.000000     41
    5.595868     3.212635     1.000000     41
   -1.642578    -1.164929     1.000000     41
   -4.141651    -1.935121     1.000000     41
    4.270136     2.413122     1.000000     41
    4.148377     2.365185     1.000000     41
    1.467404     0.633491     1.000000     41
   -1.574843    -0.573517     1.000000     41
    0.268582     0.087460     1.000000     41
    0.455055     0.310723     1.000000     41
    0.628014     0.318735     0.000000     42
   -1.847005    -1.291396     0.000000     42
   -2.850253    -2.149153     0.000000     42
   -0.910638    -0.735763     0.000000     42
   -0.079701    -0.721876     0.000000     42
   -0.447547    -0.994196     0.000000     42
   -0.834740    -0.975890     0.000000     42
    3.349924     1.421208     0.000000     42
    1.676335     0.452128     0.000000     42
   -0.469674    -0.849253     0.000000     42
   -0.205424    -0.746669     0.000000     42
    3.027600     1.073646     0.000000     42
   -2.480766    -1.413963     0.000000     42
    0.444702    -0.141607     0.000000     42
    4.448225     1.271825     0.000000     42
   -1.694804    -0.853825     0.000000     42
    1.675085     0.307020     0.000000     42
   -0.968537    -0.783287     0.000000     42
    1.083064     0.268241     0.000000     42
   -0.559758    -1.305937     0.000000     42
   -1.862773    -1.150639     0.000000     42
   -0.341842    -0.858515     0.000000     42
   -2.371396    -1.068977     0.000000     42
   -0.347976    -0.827373     0.000000     42
   -3.171354    -1.615016     0.000000     42
   -1.303356    -1.029532     1.000000     43
   -3.658993    -2.705933     1.000000     43
    2.157796     1.202391     1.000000     43
    0.699052     0.515213     1.000000     43
    0.025557     0.306402     1.000000     43
   -0.362274    -0.777579     1.000000     43
    2.295883     0.960894     1.000000     43
   -0.705274    -0.544139     1.000000     43
    0.648582     0.255228     1.000000     43
    0.012242    -0.476022     1.000000     43
   -3.138685    -2.651209     1.000000     43
   -0.894611    -0.412134     1.000000     43
    0.619696     0.121467     1.000000     43
    1.759639    -0.064856     1.000000     43
   -0.915681    -0.835764     1.000000     43
    2.178522     0.417987     1.000000     43
   -0.033774    -0.736688     1.000000     43
   -3.757758    -2.439556     1.000000     43
    5.244625     2.099906     1.000000     43
   -1.913561    -1.234315     1.000000     43
   -2.917865    -2.380189     1.000000     43
   -1.208470    -1.138862     1.000000     43
    0.395588     0.001574     1.000000     43
    0.180084    -0.585117     1.000000     43
   -0.340844    -1.014642     1.000000     43
   -1.101936    -0.735264     0.000000     44
    0.657654     0.641837     0.000000     44
    0.676336    -0.606775     0.000000     44
    3.267354     2.110340     0.000000     44
    0.951639    -0.141491     0.000000     44
    0.190528    -0.001353     0.000000     44
    5.087939     2.189050     0.000000     44
   -1.700391    -1.282136     0.000000     44
    0.429948    -0.355488     0.000000     44
   -1.662729    -0.996795     0.000000     44
   -0.495087     0.048949     0.000000     44
   -0.262376    -0.632683     0.000000     44
    3.348211     1.278865     0.000000     44
    0.045451    -0.343495     0.000000     44
    0.368833    -0.249412     0.000000     44
    0.582066     0.007588     0.000000     44
   -0.691506    -0.593068     0.000000     44
    0.298782     0.062011     0.000000     44
   -0.821039    -1.196261     0.000000     44
    3.703797     2.135717     0.000000     44
    0.580405    -0.218422     0.000000     44
    1.375462    -0.278285     0.000000     44
    2.014104     1.252735     0.000000     44
    2.854002     1.646067     0.000000     44
   -1.622154    -0.939545     0.000000     44
    0.040057    -0.388466     1.000000     45
   -0.170008    -0.130640     1.000000     45
    2.034983     1.450815     1.000000     45
    1.398610     1.486089     1.000000     45
   -1.049822    -0.051130     1.000000     45
   -2.292786    -1.382934     1.000000     45
   -1.194443    -0.017980     1.000000     45
    1.454514     0.792114     1.000000     45
    0.856305     0.580422     1.000000     45
    2.752316     1.807603     1.000000     45
    3.190471     1.999080     1.000000     45
   -0.556247     0.128682     1.000000     45
    1.210626     0.650913     1.000000     45
   -0.734968    -0.376952     1.000000     45
    2.585774     1.318890     1.000000     45
    2.425544     1.574710     1.000000     45
    1.387453     0.194165     1.000000     45
    0.608582     0.832189     1.000000     45
   -0.419945    -0.350477     1.000000     45
   -1.640148    -0.456567     1.000000     45
   -0.645212    -0.632048     1.000000     45
    1.662859     1.139370     1.000000     45
    3.054895     2.442803     1.000000     45
   -0.279211     0.028573     1.000000     45
    1.270453     0.812485     1.000000     45
    1.349488     0.321565     0.000000     46
    2.142796     0.964801     0.000000     46
    2.647838     1.080243     0.000000     46
    0.954163    -0.070945     0.000000     46
    1.316223     0.571229     0.000000     46
   -0.347291    -1.069306     0.000000     46
   -1.944999    -1.073170     0.000000     46
    0.245651    -0.091119     0.000000     46
   -0.810642    -1.795671     0.000000     46
   -1.031679    -0.633900     0.000000     46
   -1.418838    -0.803731     0.000000     46
   -0.103102    -0.863255     0.000000     46
   -2.241010    -1.270682     0.000000     46
    1.865496     0.422604     0.000000     46
   -2.509008    -1.827126     0.000000     46
   -1.195203    -1.570385     0.000000     46
    0.518445    -0.920028     0.000000     46
   -3.614484    -2.163405     0.000000     46
   -1.987625    -1.271849     0.000000     46
    1.792353     0.747686     0.000000     46
    0.684809    -0.109329     0.000000     46
   -1.309280    -0.721333     0.000000     46
    0.313518    -0.357201     0.000000     46
    1.303374     0.678400     0.000000     46
   -0.200851    -0.638398     0.000000     46
    0.808298     0.930400     0.000000     47
    1.663321     0.988754     0.000000     47
   -3.361427    -1.889363     0.000000     47
   -2.106013    -1.521659     0.000000     47
    2.554248     1.076321     0.000000     47
   -1.181414    -1.059065     0.000000     47
   -1.313234    -0.559841     0.000000     47
   -1.938435    -0.394439     0.000000     47
    1.427605     0.460450     0.000000     47
    0.285006     0.151605     0.000000     47
    3.355525     1.913254     0.000000     47
   -2.424667    -1.051014     0.000000     47
   -0.901136    -0.177096     0.000000     47
    0.855160     0.004734     0.000000     47
    2.189678     0.888460     0.000000     47
    1.913448     0.951488     0.000000     47
    1.211040     0.485600     0.000000     47
    1.464797     0.770002     0.000000     47
   -4.014690    -2.365888     0.000000     47
    0.318256     0.164506     0.000000     47
    1.191286     0.897901     0.000000     47
   -1.504587    -0.662807     0.000000     47
   -1.122751    -1.096675     0.000000     47
    0.610210     0.345287     0.000000     47
   -0.019575     0.125768     0.000000     47
   -0.487791    -0.467241     1.000000     48
   -0.329367    -0.367069     1.000000     48
    2.468322     1.083256     1.000000     48
   -1.173301    -0.720758     1.000000     48
    0.724124     0.111332     1.000000     48
   -0.737164    -0.644750     1.000000     48
    1.113376     0.077194     1.000000     48
    2.408707     1.113157     1.000000     48
    0.704782    -0.089205     1.000000     48
   -2.657642    -1.202557     1.000000     48
   -1.275672    -0.605648     1.000000     48
    1.777271     0.680610     1.000000     48
   -1.553737    -1.169537     1.000000     48
    1.051114    -0.173601     1.000000     48
    0.464066     0.081168     1.000000     48
   -1.784091    -1.792380     1.000000     48
    0.444385     0.204235     1.000000     48
    1.020343     0.483848     1.000000     48
    2.142273     0.781272     1.000000     48
   -1.620450    -0.709659     1.000000     48
    0.217897    -0.191703     1.000000     48
    1.020244     0.433721     1.000000     48
   -0.255337    -0.433561     1.000000     48
    0.385981    -0.165853     1.000000     48
    0.172794    -0.225857     1.000000     48
   -1.444312    -0.953268     1.000000     49
    1.001855     0.866556     1.000000     49
    0.683723     0.293105     1.000000     49
    1.295480     0.903233     1.000000     49
    1.729263     0.230772     1.000000     49
   -0.894738    -1.288981     1.000000     49
    1.402950     0.923791     1.000000     49
   -1.893992    -1.266306     1.000000     49
   -0.995554    -0.555527     1.000000     49
   -3.037346    -1.792199     1.000000     49
    0.376816     0.204078     1.000000     49
    0.498836     0.083808     1.000000     49
   -0.653437    -0.809469     1.000000     49
    0.321143    -0.368646     1.000000     49
    0.231493     0.073359     1.000000     49
   -0.131600    -0.417142     1.000000     49
    0.807011     0.303837     1.000000     49
    0.594249    -0.223265     1.000000     49
   -0.057294     0.473091     1.000000     49
    0.506341    -0.135544     1.000000     49
   -2.134297    -1.898195     1.000000     49
   -0.290298     0.132464     1.000000     49
   -0.913283    -0.388331     1.000000     49
    3.276082     2.091839     1.000000     49
   -0.324332     0.317124     1.000000     49
   -0.241030    -1.576126     0.000000     50
   -0.938352    -1.422582     0.000000     50
    1.606035    -0.294387     0.000000     50
   -0.148649    -0.846334     0.000000     50
   -4.677400    -2.901028     0.000000     50
    1.171843     0.824912     0.000000     50
    0.181372    -1.142020     0.000000     50
   -0.561494    -0.559020     0.000000     50
    1.998871     0.537884     0.000000     50
   -1.962832    -2.342137     0.000000     50
   -0.169436    -1.316892     0.000000     50
    0.265828    -1.135460     0.000000     50
    3.562738     0.821102     0.000000     50
    0.200212    -0.251410     0.000000     50
    2.774920     0.477290     0.000000     50
   -2.592390    -2.554596     0.000000     50
    3.100319     0.727588     0.000000     50
   -5.454150    -3.104184     0.000000     50
   -1.558869    -1.899846     0.000000     50
   -2.370766    -1.730819     0.000000     50
   -0.998562    -0.982967     0.000000     50
   -1.355764    -1.444856     0.000000     50
    2.031216     0.744987     0.000000     50
   -1.771607    -2.036019     0.000000     50
    1.248617     0.829208     0.000000     50
    3.263417     1.990203     1.000000     51
    1.857738     1.271533     1.000000     51
   -1.753862    -0.481999     1.000000     51
    0.802948    -0.379741     1.000000     51
    1.488832     1.034549     1.000000     51
   -0.611262    -0.316442     1.000000     51
   -0.983196    -0.973039     1.000000     51
   -0.887463    -0.186353     1.000000     51
    1.497999     0.703522     1.000000     51
    2.281371     0.922832     1.000000     51
    1.517122     0.971035     1.000000     51
   -0.638586    -0.113181     1.000000     51
    0.756445     1.263312     1.000000     51
   -1.037640    -0.138726     1.000000     51
   -0.550303    -0.321005     1.000000     51
    1.525882     0.822251     1.000000     51
    1.881539     0.736765     1.000000     51
    2.948785     1.713072     1.000000     51
    1.569685     1.015552     1.000000     51
    1.412783     1.196355     1.000000     51
    3.359836     1.963140     1.000000     51
   -2.350184    -1.013269     1.000000     51
   -0.707164    -0.382596     1.000000     51
    1.333292     0.917108     1.000000     51
    1.113872     0.611664     1.000000     51
    2.317711     1.957087     1.000000     52
    0.615578     0.725780     1.000000     52
    3.382403     1.779418     1.000000     52
    0.833388     1.017192     1.000000     52
    4.418169     2.169891     1.000000     52
    1.071741     1.301224     1.000000     52
   -1.038058     0.028900     1.000000     52
   -0.478780     0.020069     1.000000     52
   -0.458278     0.107481     1.000000     52
   -1.146853    -0.858546     1.000000     52
    4.215311     2.470662     1.000000     52
    1.319846     1.385004     1.000000     52
    1.689899     0.658840     1.000000     52
    5.761429     3.762809     1.000000     52
   -2.375520    -0.883594     1.000000     52
   -0.171880     0.065176     1.000000     52
    0.110778     0.623144     1.000000     52
    0.162908     0.232808     1.000000     52
    0.602346     1.087253     1.000000     52
    0.858904     0.837023     1.000000     52
   -0.147530    -0.018327     1.000000     52
   -0.776622    -0.436799     1.000000     52
   -2.849643    -1.082230     1.000000     52
    3.555387     2.487344     1.000000     52
    0.775683     0.740464     1.000000     52
    0.825250     0.165966     1.000000     53
    1.521572     0.983042     1.000000     53
   -0.613125     0.099028     1.000000     53
    1.200349     0.707383     1.000000     53
   -0.547476    -0.476161     1.000000     53
    1.087239     0.771526     1.000000     53
    0.344808     0.295641     1.000000     53
    3.325708     1.741949     1.000000     53
    2.559418     1.667996     1.000000     53
    1.144509     0.675240     1.000000     53
    3.312352     1.280660     1.000000     53
   -4.786879    -2.970300     1.000000     53
    2.762498     1.392916     1.000000     53
   -3.616542    -1.951856     1.000000     53
   -1.365222    -0.965609     1.000000     53
    0.967987     0.278097     1.000000     53
    1.360670     0.446483     1.000000     53
    0.685143     0.634262     1.000000     53
    0.974802     0.411091     1.000000     53
   -1.938854    -0.823582     1.000000     53
    0.347604    -0.310387     1.000000     53
    2.822731     0.877205     1.000000     53
   -1.624098    -0.802695     1.000000     53
   -0.652797    -0.025219     1.000000     53
    0.428358    -0.002964     1.000000     53
   -0.190727    -0.820141     1.000000     54
   -3.136186    -2.414609     1.000000     54
    0.124461    -1.280211     1.000000     54
    0.081804    -0.637007     1.000000     54
    2.935732     1.132421     1.000000     54
    1.402748     0.248113     1.000000     54
    0.582355    -0.302811     1.000000     54
   -0.672334    -1.586385     1.000000     54
    2.125225     1.033610     1.000000     54
   -2.764437    -1.961490     1.000000     54
    0.997126     0.219660     1.000000     54
   -2.037433    -1.922256     1.000000     54
    0.121408    -0.785756     1.000000     54
   -3.445403    -2.928786     1.000000     54
   -0.617516    -0.750286     1.000000     54
   -3.006140    -2.372341     1.000000     54
    0.464385    -0.566405     1.000000     54
    2.602306     0.357163     1.000000     54
   -2.249165    -1.891801     1.000000     54
   -0.936309    -1.134429     1.000000     54
    0.553793    -0.280018     1.000000     54
   -3.138666    -2.061346     1.000000     54
    1.503071     0.190743     1.000000     54
    0.237039    -0.488491     1.000000     54
    1.320025     0.003315     1.000000     54
   -0.523435    -1.152026     1.000000     55
    2.759977     0.249124     1.000000     55
   -1.322324    -1.983827     1.000000     55
    0.034781    -1.217157     1.000000     55
    1.704301    -0.498083     1.000000     55
   -1.579951    -2.122394     1.000000     55
    0.129260    -1.209801     1.000000     55
   -5.072678    -3.536107     1.000000     55
   -0.381887    -0.957683     1.000000     55
   -1.491898    -1.472137     1.000000     55
   -1.511228    -1.550199     1.000000     55
   -1.911827    -2.914494     1.000000     55
   -2.337362    -2.600390     1.000000     55
   -1.146471    -1.732168     1.000000     55
   -1.575829    -1.937322     1.000000     55
   -0.852246    -1.501728     1.000000     55
   -1.569926    -2.360756     1.000000     55
   -0.145497    -1.730744     1.000000     55
   -0.254683    -1.598703     1.000000     55
    0.450533    -1.977429     1.000000     55
   -0.896637    -1.591877     1.000000     55
   -0.395541    -1.663149     1.000000     55
    1.944374    -0.233642     1.000000     55
   -0.623607    -1.654536     1.000000     55
   -3.047186    -2.818904     1.000000     55
    0.065484    -0.263497     0.000000     56
    0.854675     0.222095     0.000000     56
    0.904964     0.735642     0.000000     56
   -1.928010    -1.274235     0.000000     56
   -1.200596    -0.755322     0.000000     56
   -2.077555    -2.074182     0.000000     56
   -1.329230    -0.430825     0.000000     56
    2.320387     1.542690     0.000000     56
    0.464704     0.234544     0.000000     56
   -0.387246    -0.815104     0.000000     56
   -0.925572    -0.378812     0.000000     56
   -2.574735    -1.401397     0.000000     56
   -0.105015     0.079801     0.000000     56
   -1.192112    -1.045357     0.000000     56
    0.884691     0.906928     0.000000     56
    3.463068     1.430666     0.000000     56
    1.711879     0.845673     0.000000     56
   -2.337192    -1.642588     0.000000     56
   -0.042783    -0.499569     0.000000     56
   -3.340149    -2.076301     0.000000     56
   -1.069836    -0.412138     0.000000     56
    3.131399     1.151751     0.000000     56
    2.303542     1.076019     0.000000     56
    2.566319     0.478413     0.000000     56
   -1.644178    -0.718068     0.000000     56
   -0.220092    -0.218951     1.000000     57
    1.533641     0.358634     1.000000     57
   -0.576583    -0.974158     1.000000     57
   -0.358529     0.220844     1.000000     57
    0.715504     0.203992     1.000000     57
    3.533419     1.840467     1.000000     57
    2.556895     1.089509     1.000000     57
   -1.441746    -0.399100     1.000000     57
    0.225792    -0.744604     1.000000     57
    0.581859     0.384131     1.000000     57
    2.252924     0.895748     1.000000     57
    1.020300     0.846528     1.000000     57
   -2.647393    -1.356863     1.000000     57
   -2.922864    -1.698175     1.000000     57
   -3.281598    -1.384374     1.000000     57
    0.247185     0.583892     1.000000     57
    3.811741     1.885211     1.000000     57
    2.707247     1.780232     1.000000     57
   -1.024474    -0.868133     1.000000     57
   -0.529376    -0.888211     1.000000     57
    0.585405     0.468955     1.000000     57
   -2.075534    -0.823238     1.000000     57
   -0.659377    -0.107700     1.000000     57
   -1.375947    -0.448382     1.000000     57
    1.363569     0.281642     1.000000     57
    2.080155     0.069089     0.000000     58
   -0.341703    -1.191103     0.000000     58
    0.528001    -0.214832     0.000000     58
    1.430193    -0.473958     0.000000     58
    1.891192    -0.016539     0.000000     58
   -1.138294    -2.097556     0.000000     58
    2.740053     0.352506     0.000000     58
    0.683788    -0.844100     0.000000     58
    0.905572    -0.859820     0.000000     58
    1.419220    -0.888345     0.000000     58
    3.426114     0.401041     0.000000     58
   -0.595101    -0.765651     0.000000     58
   -0.169172    -1.309245     0.000000     58
   -0.857694    -1.626585     0.000000     58
    1.357234    -0.491316     0.000000     58
   -2.721882    -2.681588     0.000000     58
   -0.505780    -1.708846     0.000000     58
   -0.254180    -1.005986     0.000000     58
    1.245924    -0.976589     0.000000     58
   -1.860485    -2.325657     0.000000     58
   -2.976309    -2.866950     0.000000     58
    1.539803    -0.691647     0.000000     58
    0.062025    -1.564338     0.000000     58
   -0.808134    -1.391039     0.000000     58
   -0.510045    -1.971105     0.000000     58
   -0.072106     0.664538     0.000000     59
    1.052669     0.438109     0.000000     59
   -0.218115    -0.606862     0.000000     59
    2.616546     0.841373     0.000000     59
    1.371687     1.029134     0.000000     59
   -1.386103    -1.220633     0.000000     59
   -0.669035    -0.018195     0.000000     59
    0.372853     0.526240     0.000000     59
    0.165978     0.234741     0.000000     59
    0.347994     0.521779     0.000000     59
   -0.805819    -0.577020     0.000000     59
   -3.592700    -1.780095     0.000000     59
   -0.517353    -0.400219     0.000000     59
    0.138389     0.384655     0.000000     59
    3.025209     1.873571     0.000000     59
    2.199612     1.024377     0.000000     59
   -2.493966    -1.389557     0.000000     59
    3.606403     2.383195     0.000000     59
    2.269206     1.477166     0.000000     59
    0.963789     0.479189     0.000000     59
   -0.030449    -0.434357     0.000000     59
    1.653967     1.244937     0.000000     59
    0.164280     0.691329     0.000000     59
   -1.124294     0.155304     0.000000     59
    0.157820    -0.346214     0.000000     59
    1.000243     0.902087     1.000000     60
    0.734254     0.474459     1.000000     60
    0.678545     0.766146     1.000000     60
   -0.907880     0.532578     1.000000     60
    0.568775     0.499231     1.000000     60
    0.362778     0.559859     1.000000     60
    0.209839     0.043509     1.000000     60
    1.614957     1.711530     1.000000     60
   -0.458028     0.291088     1.000000     60
    0.896041     0.808555     1.000000     60
    2.779981     2.148152     1.000000     60
   -0.327534     0.448020     1.000000     60
    0.723729     0.701327     1.000000     60
    1.048260     0.793319     1.000000     60
    2.814716     1.777333     1.000000     60
    3.235377     2.297547     1.000000     60
    2.599828     1.994266     1.000000     60
    1.262637     0.691385     1.000000     60
   -0.209638     0.764548     1.000000     60
    1.076535     1.352597     1.000000     60
    1.161377     1.704037     1.000000     60
   -0.827360    -0.689201     1.000000     60
    2.620283     1.862697     1.000000     60
    1.321604     1.231916     1.000000     60
    2.110611     1.525619     1.000000     60
