-2.863391	-3.346974	1	0	1	1	0
-.767203	-1.236067	1	0	1	1	0
1.063489	.231835	1	0	1	1	0
-.388348	-1.276005	1	0	1	1	0
-1.839164	-2.687335	1	0	1	1	0
-1.858191	-1.338022	1	0	1	1	0
-.408951	-3.163404	1	0	1	1	0
.775362	2.117746	1	0	1	1	0
2.755793	2.687906	1	0	1	1	0
.208943	-.301368	1	0	1	1	0
-2.315304	.349582	1	0	1	1	0
.65615	.536526	1	0	1	1	0
.145526	.535429	1	0	1	1	0
-.639027	-1.526364	1	0	1	1	0
1.66953	2.3025	1	0	1	1	0
-.882051	-1.248281	1	1	1	2	1
4.396567	1.871301	1	1	1	2	1
.718121	1.432254	1	1	1	2	1
-.441879	-1.379681	1	1	1	2	1
-.056054	-1.852752	1	1	1	2	1
3.084016	-1.282127	1	1	1	2	1
-1.127404	-3.528388	1	1	1	2	1
3.397215	3.407866	1	1	1	2	1
4.844029	1.696571	1	1	1	2	1
2.560473	1.264111	1	1	1	2	1
4.435876	3.510995	1	1	1	2	1
1.081611	.650995	1	1	1	2	1
2.690182	3.042556	1	1	1	2	1
-2.023819	-2.116819	1	1	1	2	1
.926436	-.428045	1	1	1	2	1
2.643061	3.420316	0	1	1	3	0
.673748	-.644748	0	1	1	3	0
1.249275	-.776525	0	1	1	3	0
2.319701	.583092	0	1	1	3	0
2.490436	2.745051	0	1	1	3	0
-2.705403	-.5168	0	1	1	3	0
1.530401	.951831	0	1	1	3	0
1.151912	-1.312697	0	1	1	3	0
.377434	-1.001543	0	1	1	3	0
-.130682	-2.254037	0	1	1	3	0
-.610591	.530122	0	1	1	3	0
-.921148	-.678934	0	1	1	3	0
-.700769	-2.134195	0	1	1	3	0
-.207463	-.930114	0	1	1	3	0
-2.335749	-1.123052	0	1	1	3	0
.407815	.757309	0	1	1	4	0
1.818781	.7341	0	1	1	4	0
-1.858108	-2.77783	0	1	1	4	0
2.437389	.282556	0	1	1	4	0
.025896	.226017	0	1	1	4	0
-1.166148	-.964248	0	1	1	4	0
-.671884	-1.96411	0	1	1	4	0
-1.849378	-2.723855	0	1	1	4	0
1.596886	-.227642	0	1	1	4	0
.139911	.113592	0	1	1	4	0
2.924623	1.762321	0	1	1	4	0
1.093914	-1.199091	0	1	1	4	0
-.296825	.923014	0	1	1	4	0
-1.060986	-1.986586	0	1	1	4	0
3.55718	1.055777	0	1	1	4	0
-.235555	.040117	0	0	1	5	0
-.581575	-2.051309	0	0	1	5	0
3.03486	2.801751	0	0	1	5	0
-2.701032	-1.289974	0	0	1	5	0
.292706	-1.42648	0	0	1	5	0
-1.038302	.809335	0	0	1	5	0
1.809762	1.45869	0	0	1	5	0
2.038015	.754825	0	0	1	5	0
.820224	-.334907	0	0	1	5	0
-.904946	.915366	0	0	1	5	0
-.735423	-.612416	0	0	1	5	0
3.18514	4.097896	0	0	1	5	0
.51268	1.501475	0	0	1	5	0
1.27017	2.813152	0	0	1	5	0
2.298421	3.522731	0	0	1	5	0
-1.643682	-1.996314	1	1	1	6	1
3.454183	2.885171	1	1	1	6	1
-1.762385	-2.021023	1	1	1	6	1
-2.017791	-2.886155	1	1	1	6	1
-.434578	-.496845	1	1	1	6	1
-2.424028	-1.696285	1	1	1	6	1
-1.609911	-.513161	1	1	1	6	1
.582336	-.415541	1	1	1	6	1
.721222	1.733811	1	1	1	6	1
1.844321	-.441825	1	1	1	6	1
2.65924	1.04815	1	1	1	6	1
3.951069	1.933731	1	1	1	6	1
-.843369	-1.761581	1	1	1	6	1
-4.813066	-4.290441	1	1	1	6	1
-4.324997	-4.124174	1	1	1	6	1
1.22047	3.397068	0	1	1	7	0
1.67511	2.846373	0	1	1	7	0
-1.505761	-2.498916	0	1	1	7	0
2.820874	2.001726	0	1	1	7	0
.469788	-.506249	0	1	1	7	0
1.528735	.00364	0	1	1	7	0
2.14298	-.990092	0	1	1	7	0
-.58606	-.301851	0	1	1	7	0
.938476	.426282	0	1	1	7	0
.272815	.657555	0	1	1	7	0
4.343969	5.167519	0	1	1	7	0
3.494924	4.453818	0	1	1	7	0
-.528741	-2.471866	0	1	1	7	0
3.29058	1.274317	0	1	1	7	0
2.719285	3.38844	0	1	1	7	0
-1.325798	-3.133346	0	1	1	8	0
.568972	.926287	0	1	1	8	0
-.531926	-3.091229	0	1	1	8	0
-4.215708	-4.301951	0	1	1	8	0
-.699257	-3.338286	0	1	1	8	0
1.468376	-.491704	0	1	1	8	0
-2.398222	-.458631	0	1	1	8	0
-3.320262	-3.187147	0	1	1	8	0
-2.701389	-4.882018	0	1	1	8	0
-1.970989	-4.075131	0	1	1	8	0
-.971195	-1.917534	0	1	1	8	0
1.22657	-.508979	0	1	1	8	0
-3.566149	-3.765461	0	1	1	8	0
-1.669208	-3.508246	0	1	1	8	0
-2.784316	-3.416602	0	1	1	8	0
-.395523	.323481	1	1	1	9	1
-.585873	-.936792	1	1	1	9	1
-.634964	.422795	1	1	1	9	1
-2.137816	-4.510698	1	1	1	9	1
3.078019	1.448779	1	1	1	9	1
3.883605	4.561787	1	1	1	9	1
-.665476	-3.789837	1	1	1	9	1
2.682228	3.551618	1	1	1	9	1
.115742	3.496151	1	1	1	9	1
3.004381	.425799	1	1	1	9	1
2.985263	1.36464	1	1	1	9	1
2.761023	.861913	1	1	1	9	1
-.648558	-1.730988	1	1	1	9	1
1.624317	1.838846	1	1	1	9	1
-3.947081	-2.633412	1	1	1	9	1
2.536354	.754958	1	0	1	10	0
.324466	1.394424	1	0	1	10	0
1.914581	1.185397	1	0	1	10	0
.122678	-1.299525	1	0	1	10	0
.388803	-.214513	1	0	1	10	0
2.70584	2.361256	1	0	1	10	0
-1.625955	-.300218	1	0	1	10	0
-.002863	-.164778	1	0	1	10	0
-.465675	-.693025	1	0	1	10	0
1.444012	1.09724	1	0	1	10	0
.610343	1.215523	1	0	1	10	0
-.097809	.747501	1	0	1	10	0
-1.214491	-1.537019	1	0	1	10	0
1.158532	-.689167	1	0	1	10	0
-1.527733	.644808	1	0	1	10	0
3.548368	3.766595	0	0	1	11	0
.90192	.371615	0	0	1	11	0
1.695771	-.159951	0	0	1	11	0
1.340419	-.268053	0	0	1	11	0
-.212983	-2.375864	0	0	1	11	0
.758791	-1.484876	0	0	1	11	0
-2.994062	-3.077801	0	0	1	11	0
-4.688243	-4.462858	0	0	1	11	0
1.131272	-.64716	0	0	1	11	0
-.066346	1.708913	0	0	1	11	0
.390318	1.16397	0	0	1	11	0
-.071359	1.194028	0	0	1	11	0
-.538154	-1.791953	0	0	1	11	0
.536345	2.185947	0	0	1	11	0
-.819905	.008112	0	0	1	11	0
1.646457	.862777	1	1	1	12	1
1.328163	1.642399	1	1	1	12	1
2.838493	1.721207	1	1	1	12	1
.62122	.084211	1	1	1	12	1
.840721	.36084	1	1	1	12	1
-2.98945	-2.497952	1	1	1	12	1
-2.679187	-2.509455	1	1	1	12	1
-.225253	-1.134222	1	1	1	12	1
1.958526	.141063	1	1	1	12	1
-3.344339	-3.100324	1	1	1	12	1
-.882899	-1.794495	1	1	1	12	1
-.888127	.512746	1	1	1	12	1
-2.432869	-5.02129	1	1	1	12	1
.083118	-.032156	1	1	1	12	1
.897164	2.246482	1	1	1	12	1
1.429183	1.607034	0	0	1	13	0
.864142	.715496	0	0	1	13	0
3.389331	1.688282	0	0	1	13	0
1.123696	-2.512153	0	0	1	13	0
-2.021148	.5213	0	0	1	13	0
2.209846	2.52556	0	0	1	13	0
-.2752	-2.303224	0	0	1	13	0
-.923759	-2.268139	0	0	1	13	0
-.7212	-1.12443	0	0	1	13	0
3.536235	2.515434	0	0	1	13	0
2.259288	-.092517	0	0	1	13	0
3.595799	4.755694	0	0	1	13	0
2.131946	3.81814	0	0	1	13	0
-.475712	-1.687741	0	0	1	13	0
-1.86049	-.787282	0	0	1	13	0
4.766778	4.460308	0	0	1	14	0
2.503943	.093027	0	0	1	14	0
-.09257	-.065028	0	0	1	14	0
3.419274	1.983038	0	0	1	14	0
.639325	-.253788	0	0	1	14	0
-.360928	.018544	0	0	1	14	0
-1.206324	-1.677109	0	0	1	14	0
.194037	-1.420619	0	0	1	14	0
4.356624	1.558545	0	0	1	14	0
1.709176	1.155089	0	0	1	14	0
1.005398	1.146779	0	0	1	14	0
3.920349	2.981814	0	0	1	14	0
2.371347	1.859176	0	0	1	14	0
.026744	1.084909	0	0	1	14	0
2.682206	.524894	0	0	1	14	0
-5.494915	-6.48203	0	0	1	15	0
1.853187	-.211884	0	0	1	15	0
-.092466	1.204579	0	0	1	15	0
1.805873	.799437	0	0	1	15	0
-2.33044	-1.464651	0	0	1	15	0
-.707193	-.887699	0	0	1	15	0
.389459	.658341	0	0	1	15	0
-1.061524	-1.672858	0	0	1	15	0
-.422011	.511432	0	0	1	15	0
-.484381	-.907875	0	0	1	15	0
-1.163432	.299671	0	0	1	15	0
-.171787	4.440903	0	0	1	15	0
2.221917	1.613347	0	0	1	15	0
-3.392735	-3.7823	0	0	1	15	0
-.238322	.325499	0	0	1	15	0
-.162222	-2.118358	1	1	1	16	1
.072995	.183357	1	1	1	16	1
3.383222	2.29067	1	1	1	16	1
-1.456522	-.522345	1	1	1	16	1
1.514411	1.526824	1	1	1	16	1
1.363976	.83118	1	1	1	16	1
1.673887	2.843071	1	1	1	16	1
-.35364	-.021379	1	1	1	16	1
.053771	-.642561	1	1	1	16	1
3.342722	2.095836	1	1	1	16	1
-1.827605	-1.469013	1	1	1	16	1
-.584537	-.824444	1	1	1	16	1
-.04095	-1.612706	1	1	1	16	1
1.328496	-.65066	1	1	1	16	1
.726785	-.28086	1	1	1	16	1
-.497651	-1.37152	1	1	1	17	1
2.316055	1.274471	1	1	1	17	1
.415625	.554034	1	1	1	17	1
-.602752	.926929	1	1	1	17	1
-.801349	-.597437	1	1	1	17	1
-.24865	-1.84004	1	1	1	17	1
-1.781619	-2.524748	1	1	1	17	1
1.327291	-.487222	1	1	1	17	1
-.750778	-2.410696	1	1	1	17	1
1.891957	1.51536	1	1	1	17	1
-1.340406	-2.094079	1	1	1	17	1
1.135842	-1.952607	1	1	1	17	1
-.596029	.979839	1	1	1	17	1
.58904	-1.183636	1	1	1	17	1
3.190351	2.041202	1	1	1	17	1
1.747524	2.355829	0	1	1	18	0
3.378437	3.430836	0	1	1	18	0
-1.064833	-1.581941	0	1	1	18	0
2.663002	2.303767	0	1	1	18	0
.153568	.177019	0	1	1	18	0
1.553059	.726634	0	1	1	18	0
2.926988	4.480388	0	1	1	18	0
2.823349	3.758349	0	1	1	18	0
1.787916	-.303559	0	1	1	18	0
-1.073443	-.874542	0	1	1	18	0
5.906064	5.365654	0	1	1	18	0
3.303247	2.985469	0	1	1	18	0
-.403434	-.5685	0	1	1	18	0
3.250027	5.062948	0	1	1	18	0
.210943	.689848	0	1	1	18	0
1.327868	.663955	1	1	1	19	1
-1.149729	-1.81351	1	1	1	19	1
4.124222	2.943697	1	1	1	19	1
5.547482	3.380279	1	1	1	19	1
-.088845	-1.870415	1	1	1	19	1
1.415188	.578945	1	1	1	19	1
2.366795	.455166	1	1	1	19	1
2.384002	2.065257	1	1	1	19	1
.748394	.128998	1	1	1	19	1
-1.114006	-1.668746	1	1	1	19	1
-.125584	.460374	1	1	1	19	1
1.529392	1.709435	1	1	1	19	1
-.641754	-3.154092	1	1	1	19	1
.902982	1.491497	1	1	1	19	1
-1.831406	.24326	1	1	1	19	1
4.314921	3.342403	0	0	1	20	0
-.734065	-2.313841	0	0	1	20	0
.626718	-1.003611	0	0	1	20	0
-.840403	-1.603916	0	0	1	20	0
1.243698	.155233	0	0	1	20	0
3.330186	1.50391	0	0	1	20	0
2.393944	.787252	0	0	1	20	0
-1.221545	.886279	0	0	1	20	0
.610263	.514534	0	0	1	20	0
1.805452	1.520878	0	0	1	20	0
2.294663	1.372769	0	0	1	20	0
-.495	-.146694	0	0	1	20	0
-.628526	-.425746	0	0	1	20	0
2.81378	1.730535	0	0	1	20	0
1.239223	.577641	0	0	1	20	0
.766665	-1.060536	1	1	1	21	1
-.203888	-.32098	1	1	1	21	1
-2.36122	-4.096637	1	1	1	21	1
-1.102426	-.286761	1	1	1	21	1
-1.557432	-.646088	1	1	1	21	1
1.983222	1.144672	1	1	1	21	1
1.102216	1.431201	1	1	1	21	1
2.254076	2.65388	1	1	1	21	1
1.377111	2.768312	1	1	1	21	1
5.288965	3.161259	1	1	1	21	1
-2.254686	-.611918	1	1	1	21	1
.957298	2.274535	1	1	1	21	1
-2.381268	-2.123707	1	1	1	21	1
.466678	1.922525	1	1	1	21	1
.284677	1.351672	1	1	1	21	1
1.231942	.366674	1	1	1	21	1
.208993	1.190723	1	1	1	21	1
5.509509	4.087627	1	1	1	21	1
1.852988	1.393586	1	1	1	21	1
-.480135	.436667	1	1	1	21	1
.160793	-1.288026	1	1	1	22	1
-2.371125	-2.467862	1	1	1	22	1
.835251	-1.97657	1	1	1	22	1
.267978	2.859803	1	1	1	22	1
-.457783	-2.561923	1	1	1	22	1
.512668	-.928343	1	1	1	22	1
-1.154732	-.527139	1	1	1	22	1
-3.206679	-2.911134	1	1	1	22	1
1.855762	-1.255999	1	1	1	22	1
-.894396	-2.176632	1	1	1	22	1
3.101765	-1.39403	1	1	1	22	1
2.66479	2.568785	1	1	1	22	1
1.993472	.523737	1	1	1	22	1
.807363	-2.389766	1	1	1	22	1
4.541851	1.640043	1	1	1	22	1
.365185	-1.255503	1	1	1	22	1
-.183089	-1.014047	1	1	1	22	1
-.599651	.699058	1	1	1	22	1
5.234492	4.614629	1	1	1	22	1
1.000586	-1.052275	1	1	1	22	1
.826721	.356791	1	0	1	23	0
-.138749	-1.954662	1	0	1	23	0
1.843395	1.383813	1	0	1	23	0
-2.119376	-3.22245	1	0	1	23	0
-1.262549	-.155866	1	0	1	23	0
1.675134	.299889	1	0	1	23	0
.331703	-1.272256	1	0	1	23	0
.076716	-1.220606	1	0	1	23	0
-2.626674	-3.780203	1	0	1	23	0
-.370905	-2.247903	1	0	1	23	0
2.093477	2.039174	1	0	1	23	0
1.24368	.684112	1	0	1	23	0
1.436752	.973928	1	0	1	23	0
1.924964	2.381774	1	0	1	23	0
.641783	1.385537	1	0	1	23	0
-.745914	-1.354443	1	0	1	23	0
-2.179329	-2.515217	1	0	1	23	0
1.264899	.267852	1	0	1	23	0
-.150435	-1.842822	1	0	1	23	0
-2.550529	-2.624873	1	0	1	23	0
1.935497	2.253468	1	0	1	24	0
-3.25628	-4.022629	1	0	1	24	0
-.6508	.062405	1	0	1	24	0
-.624089	-1.224641	1	0	1	24	0
-1.047656	.197845	1	0	1	24	0
1.122655	-.168989	1	0	1	24	0
.01081	-.956988	1	0	1	24	0
2.551488	2.452414	1	0	1	24	0
-1.198187	-1.963776	1	0	1	24	0
1.368474	.332462	1	0	1	24	0
-1.361805	-1.210811	1	0	1	24	0
3.231192	2.935639	1	0	1	24	0
-1.053735	-.438902	1	0	1	24	0
.916943	1.561613	1	0	1	24	0
-2.220775	-.723933	1	0	1	24	0
.647766	-.925724	1	0	1	24	0
-.053636	1.066383	1	0	1	24	0
.598186	-.173919	1	0	1	24	0
2.501031	1.641705	1	0	1	24	0
-2.529143	-3.665633	1	0	1	24	0
1.235094	2.171649	1	0	1	25	0
1.921945	.778546	1	0	1	25	0
-.418805	-.150124	1	0	1	25	0
-.615591	-.762475	1	0	1	25	0
-.995369	.530196	1	0	1	25	0
2.119064	1.66478	1	0	1	25	0
.719598	1.044742	1	0	1	25	0
2.965995	4.25112	1	0	1	25	0
1.638884	1.311665	1	0	1	25	0
1.140493	-.684088	1	0	1	25	0
.153912	-.276037	1	0	1	25	0
2.596658	1.814393	1	0	1	25	0
1.597075	2.022736	1	0	1	25	0
4.869608	4.927466	1	0	1	25	0
-.426669	-2.867306	1	0	1	25	0
-.779154	-.172218	1	0	1	25	0
2.640388	.641288	1	0	1	25	0
1.401096	.848418	1	0	1	25	0
2.147408	1.978216	1	0	1	25	0
-.797244	-2.480538	1	0	1	25	0
-1.763528	-1.974299	1	1	1	26	1
-.908343	-2.499349	1	1	1	26	1
-1.217009	.273594	1	1	1	26	1
-3.504589	-3.232172	1	1	1	26	1
-1.50847	-2.837894	1	1	1	26	1
-.908843	1.6702	1	1	1	26	1
-2.721692	-3.778522	1	1	1	26	1
-4.447214	-5.168112	1	1	1	26	1
1.688362	.09302	1	1	1	26	1
-2.740533	-3.21724	1	1	1	26	1
.15093	-.489644	1	1	1	26	1
.595425	.687075	1	1	1	26	1
-.207967	-.89821	1	1	1	26	1
-2.126639	-1.196366	1	1	1	26	1
1.764106	.681211	1	1	1	26	1
-.668191	-1.905488	1	1	1	26	1
-1.060421	-1.607403	1	1	1	26	1
-.783444	.965933	1	1	1	26	1
-3.020702	-2.976869	1	1	1	26	1
-1.541849	-4.922263	1	1	1	26	1
1.403883	.051547	0	0	1	27	0
.119317	-.459139	0	0	1	27	0
2.094164	3.520886	0	0	1	27	0
3.308862	2.636657	0	0	1	27	0
-.008341	-.414737	0	0	1	27	0
.164317	-1.053274	0	0	1	27	0
.520588	1.076923	0	0	1	27	0
1.431358	-1.156818	0	0	1	27	0
4.675678	3.815949	0	0	1	27	0
2.2737	4.237898	0	0	1	27	0
3.906699	2.292844	0	0	1	27	0
2.731165	2.173033	0	0	1	27	0
5.024782	6.592485	0	0	1	27	0
2.071895	.717123	0	0	1	27	0
1.321164	1.242312	0	0	1	27	0
2.233596	3.330648	0	0	1	27	0
-2.100297	.359534	0	0	1	27	0
-3.446283	-2.165324	0	0	1	27	0
2.911503	1.611102	0	0	1	27	0
.088972	3.121004	0	0	1	27	0
.41423	.74459	1	1	1	28	1
2.383423	3.170972	1	1	1	28	1
.485583	.321527	1	1	1	28	1
1.572022	.539324	1	1	1	28	1
-.546523	-.616824	1	1	1	28	1
-.021183	-.126471	1	1	1	28	1
1.357053	1.578153	1	1	1	28	1
.707742	2.651847	1	1	1	28	1
5.247885	4.134635	1	1	1	28	1
-.097361	-2.531339	1	1	1	28	1
4.17682	4.521713	1	1	1	28	1
4.285458	3.349057	1	1	1	28	1
.684515	-.113131	1	1	1	28	1
4.507856	1.391302	1	1	1	28	1
.247547	1.352113	1	1	1	28	1
-.321719	-1.009351	1	1	1	28	1
.21279	-.905844	1	1	1	28	1
-.875992	.23292	1	1	1	28	1
.743134	.384997	1	1	1	28	1
3.976707	3.137455	1	1	1	28	1
2.236785	1.701239	0	1	1	29	0
5.738719	5.688366	0	1	1	29	0
2.443627	4.694623	0	1	1	29	0
6.106563	7.086034	0	1	1	29	0
2.870271	1.524178	0	1	1	29	0
4.491167	3.421848	0	1	1	29	0
.791466	1.094873	0	1	1	29	0
.672874	.193375	0	1	1	29	0
2.59239	1.833238	0	1	1	29	0
1.669554	2.517001	0	1	1	29	0
4.710639	3.635227	0	1	1	29	0
-.743406	-.579154	0	1	1	29	0
1.622466	-.829783	0	1	1	29	0
.275359	-1.324722	0	1	1	29	0
.458774	-1.482097	0	1	1	29	0
2.929429	.314081	0	1	1	29	0
-1.371909	.295346	0	1	1	29	0
3.481835	2.198884	0	1	1	29	0
4.664575	3.57564	0	1	1	29	0
1.069952	.690749	0	1	1	29	0
1.185891	-.290811	1	1	1	30	1
2.960752	.48012	1	1	1	30	1
-.916706	-1.443056	1	1	1	30	1
-1.923428	-1.640894	1	1	1	30	1
.937082	-.759125	1	1	1	30	1
-.337514	-3.161604	1	1	1	30	1
.974852	-.475107	1	1	1	30	1
-1.212228	-.297651	1	1	1	30	1
.517243	-2.43744	1	1	1	30	1
1.889943	1.043062	1	1	1	30	1
-1.458881	-4.43832	1	1	1	30	1
1.721504	.739238	1	1	1	30	1
1.726643	2.343805	1	1	1	30	1
1.771	.770514	1	1	1	30	1
1.583	-.664153	1	1	1	30	1
.975707	2.304788	1	1	1	30	1
.203728	-.279622	1	1	1	30	1
-.928986	-3.466989	1	1	1	30	1
5.753146	2.94799	1	1	1	30	1
.283747	-.884826	1	1	1	30	1
-2.584387	-.75953	0	0	1	31	0
-2.768791	-3.015003	0	0	1	31	0
-.354772	-1.302964	0	0	1	31	0
-2.344787	-2.13119	0	0	1	31	0
-1.054089	-.751983	0	0	1	31	0
-.973915	-1.018821	0	0	1	31	0
1.233267	-1.557413	0	0	1	31	0
-2.6795	-3.808914	0	0	1	31	0
-4.768146	-2.824333	0	0	1	31	0
-3.217079	-4.343002	0	0	1	31	0
.28215	-.242082	0	0	1	31	0
3.845087	3.508836	0	0	1	31	0
-2.940617	-3.805755	0	0	1	31	0
2.495163	.471379	0	0	1	31	0
-.888345	-.813871	0	0	1	31	0
.223391	-1.706741	0	0	1	31	0
-2.168123	-2.58541	0	0	1	31	0
-.57446	.084799	0	0	1	31	0
1.022498	-.231856	0	0	1	31	0
1.604118	-1.535693	0	0	1	31	0
-.071153	.750691	0	1	1	32	0
2.558631	-.084136	0	1	1	32	0
.56007	-1.185431	0	1	1	32	0
-.28765	-1.143563	0	1	1	32	0
3.599685	5.362549	0	1	1	32	0
1.667379	2.574775	0	1	1	32	0
-1.306336	-.921982	0	1	1	32	0
1.245868	1.423925	0	1	1	32	0
-1.583374	-3.543046	0	1	1	32	0
1.323737	.567356	0	1	1	32	0
-1.83992	-2.619214	0	1	1	32	0
.932023	-1.478133	0	1	1	32	0
3.667924	2.627522	0	1	1	32	0
-3.562928	-1.653377	0	1	1	32	0
.170177	-1.928641	0	1	1	32	0
-3.246972	-3.948997	0	1	1	32	0
-.003517	-.098003	0	1	1	32	0
-.358134	-1.234115	0	1	1	32	0
1.2475	1.999823	0	1	1	32	0
.842843	.631194	0	1	1	32	0
-.653219	2.14543	0	0	1	33	0
.927011	.360573	0	0	1	33	0
-3.650536	-4.033948	0	0	1	33	0
-3.559427	-.404255	0	0	1	33	0
-2.198509	-.339913	0	0	1	33	0
-.746564	2.778541	0	0	1	33	0
-4.469656	-3.779828	0	0	1	33	0
-.727433	-.887731	0	0	1	33	0
-.099578	.552824	0	0	1	33	0
-1.752891	-.763654	0	0	1	33	0
-.289179	-.728195	0	0	1	33	0
-3.875709	-1.828095	0	0	1	33	0
2.435576	.710254	0	0	1	33	0
1.429868	3.69107	0	0	1	33	0
-2.069034	-2.00687	0	0	1	33	0
3.077706	5.873644	0	0	1	33	0
2.255972	2.575765	0	0	1	33	0
-1.11868	.716305	0	0	1	33	0
.261917	.350349	0	0	1	33	0
.086618	.094836	0	0	1	33	0
3.213564	-.598164	1	1	1	34	1
2.761569	2.917563	1	1	1	34	1
2.64937	-.225976	1	1	1	34	1
5.271425	2.72012	1	1	1	34	1
4.312297	2.78081	1	1	1	34	1
6.195441	4.435779	1	1	1	34	1
.432943	-.209272	1	1	1	34	1
.809329	-.956927	1	1	1	34	1
3.873814	.537748	1	1	1	34	1
-2.078256	-1.484879	1	1	1	34	1
1.431045	-1.464603	1	1	1	34	1
-1.400206	-2.680211	1	1	1	34	1
3.249413	.746074	1	1	1	34	1
2.054748	.962448	1	1	1	34	1
2.468538	1.135913	1	1	1	34	1
1.132241	1.160776	1	1	1	34	1
-.38474	-.596627	1	1	1	34	1
1.095355	1.875569	1	1	1	34	1
2.241312	1.367736	1	1	1	34	1
1.693847	2.09729	1	1	1	34	1
-1.113307	-2.351194	0	1	1	35	0
1.308603	-.783382	0	1	1	35	0
.819671	-.237826	0	1	1	35	0
-1.015051	-.109078	0	1	1	35	0
-2.669293	-3.59478	0	1	1	35	0
-4.670395	-5.278583	0	1	1	35	0
2.439563	2.193865	0	1	1	35	0
-.147433	-1.586889	0	1	1	35	0
-.561165	.46534	0	1	1	35	0
-2.358395	-3.181644	0	1	1	35	0
-2.576525	.509536	0	1	1	35	0
-2.346023	-2.108329	0	1	1	35	0
-.751409	-2.800059	0	1	1	35	0
-2.022381	-1.450446	0	1	1	35	0
-3.898328	-3.841766	0	1	1	35	0
-5.215939	-3.419321	0	1	1	35	0
-.758907	-.395221	0	1	1	35	0
-1.312141	-3.231534	0	1	1	35	0
.346593	.459965	0	1	1	35	0
2.588942	2.895764	0	1	1	35	0
3.29679	3.127036	0	1	1	36	0
1.44071	.194731	0	1	1	36	0
3.037643	1.310624	0	1	1	36	0
1.565065	.992395	0	1	1	36	0
3.803623	.326129	0	1	1	36	0
2.674721	3.354104	0	1	1	36	0
.044726	-1.793291	0	1	1	36	0
2.649601	2.035468	0	1	1	36	0
1.609098	.525847	0	1	1	36	0
-1.881569	-1.81862	0	1	1	36	0
.869521	-.690117	0	1	1	36	0
-1.802867	-2.090232	0	1	1	36	0
-.316338	-.032313	0	1	1	36	0
3.275329	1.781998	0	1	1	36	0
.658707	.365994	0	1	1	36	0
1.171593	1.758878	0	1	1	36	0
.465923	1.47245	0	1	1	36	0
.383128	.471938	0	1	1	36	0
.747142	.341672	0	1	1	36	0
-1.166092	-3.172178	0	1	1	36	0
2.768314	3.426941	0	1	1	37	0
3.023506	2.289333	0	1	1	37	0
3.433201	2.521374	0	1	1	37	0
4.015092	1.841097	0	1	1	37	0
1.787324	1.555526	0	1	1	37	0
3.00123	2.194304	0	1	1	37	0
1.334733	-.955073	0	1	1	37	0
1.930201	1.06251	0	1	1	37	0
.551147	-.107647	0	1	1	37	0
.462746	1.081137	0	1	1	37	0
.506764	-1.908293	0	1	1	37	0
.807662	.911042	0	1	1	37	0
2.149015	3.045329	0	1	1	37	0
4.102898	3.748151	0	1	1	37	0
1.594204	1.997322	0	1	1	37	0
1.313074	.23914	0	1	1	37	0
1.538837	.583405	0	1	1	37	0
4.340135	4.078682	0	1	1	37	0
.498063	-1.248332	0	1	1	37	0
1.947455	.803171	0	1	1	37	0
-.740373	-2.77504	0	1	1	38	0
4.524337	4.024379	0	1	1	38	0
-2.187397	-.456175	0	1	1	38	0
1.7783	1.045922	0	1	1	38	0
-2.640402	-2.577302	0	1	1	38	0
.491426	-.055757	0	1	1	38	0
-.295195	-1.327691	0	1	1	38	0
5.312104	2.856963	0	1	1	38	0
2.050674	1.653567	0	1	1	38	0
1.592291	-1.351987	0	1	1	38	0
2.0156	2.286782	0	1	1	38	0
-1.324528	-1.788973	0	1	1	38	0
4.080859	3.435	0	1	1	38	0
-.561279	.329431	0	1	1	38	0
-2.506874	-1.102748	0	1	1	38	0
-.963903	.66664	0	1	1	38	0
3.246382	3.28108	0	1	1	38	0
3.236981	1.352295	0	1	1	38	0
.369971	-.973013	0	1	1	38	0
4.827493	4.277365	0	1	1	38	0
1.541268	1.087961	0	0	1	39	0
-2.159371	-1.703283	0	0	1	39	0
-.635205	-.020949	0	0	1	39	0
-.943112	-.865906	0	0	1	39	0
.930894	2.429097	0	0	1	39	0
-1.611239	-.538248	0	0	1	39	0
4.087116	3.134618	0	0	1	39	0
-1.474846	-.079406	0	0	1	39	0
2.17102	3.663628	0	0	1	39	0
3.185446	-.473836	0	0	1	39	0
2.849195	4.080853	0	0	1	39	0
4.635718	4.221708	0	0	1	39	0
2.585296	1.501729	0	0	1	39	0
2.301222	1.603703	0	0	1	39	0
1.240275	2.144714	0	0	1	39	0
-1.607373	.162607	0	0	1	39	0
1.203038	2.067347	0	0	1	39	0
3.280201	2.155443	0	0	1	39	0
-1.220969	-1.806674	0	0	1	39	0
.255097	1.28752	0	0	1	39	0
-1.603297	-2.91291	1	0	1	40	0
4.448826	2.663307	1	0	1	40	0
-.745499	.114395	1	0	1	40	0
2.111814	4.393522	1	0	1	40	0
1.401001	1.679786	1	0	1	40	0
-.371344	.819727	1	0	1	40	0
2.669915	1.764821	1	0	1	40	0
1.045108	-.629298	1	0	1	40	0
3.674273	3.083207	1	0	1	40	0
4.169006	4.277369	1	0	1	40	0
-.130597	1.908772	1	0	1	40	0
2.306522	1.011805	1	0	1	40	0
-.891466	-.896389	1	0	1	40	0
.685455	.324559	1	0	1	40	0
-1.635667	-1.916756	1	0	1	40	0
5.290496	5.252215	1	0	1	40	0
.275771	2.485546	1	0	1	40	0
.264668	.845903	1	0	1	40	0
-1.928252	-2.46177	1	0	1	40	0
.821391	-.376374	1	0	1	40	0
.492822	.59836	0	0	1	41	0
-1.034818	.377695	0	0	1	41	0
.629848	-.598621	0	0	1	41	0
-.845779	-3.441887	0	0	1	41	0
.616961	1.36194	0	0	1	41	0
-.011677	.745848	0	0	1	41	0
1.530719	1.119127	0	0	1	41	0
2.475758	1.44604	0	0	1	41	0
-3.281813	-2.481738	0	0	1	41	0
-.059613	-.487527	0	0	1	41	0
1.474455	1.596836	0	0	1	41	0
2.018	2.800604	0	0	1	41	0
2.88968	3.148818	0	0	1	41	0
-1.298086	.869652	0	0	1	41	0
1.829093	1.913785	0	0	1	41	0
-.298833	.765409	0	0	1	41	0
-1.038441	.683854	0	0	1	41	0
1.444668	1.745788	0	0	1	41	0
1.067756	2.069965	0	0	1	41	0
1.394151	-.029547	0	0	1	41	0
1.99722	.560085	0	0	1	41	0
-2.443877	-3.217851	0	0	1	41	0
-.660561	.6546	0	0	1	41	0
.989751	1.67922	0	0	1	41	0
-.975555	.122758	0	0	1	41	0
1.387198	.183294	0	1	1	42	0
.862865	.940105	0	1	1	42	0
.124169	-2.870627	0	1	1	42	0
2.333191	1.23417	0	1	1	42	0
.292591	1.425558	0	1	1	42	0
-.463247	-.523144	0	1	1	42	0
1.227771	1.761885	0	1	1	42	0
-1.899517	-.464238	0	1	1	42	0
.011926	-.063398	0	1	1	42	0
-.171705	-.025118	0	1	1	42	0
-1.973745	-2.373939	0	1	1	42	0
1.296055	.527606	0	1	1	42	0
-.882932	-.852	0	1	1	42	0
2.363563	2.017722	0	1	1	42	0
.843187	.54474	0	1	1	42	0
1.08615	4.334377	0	1	1	42	0
2.717086	-.011786	0	1	1	42	0
.690148	.177792	0	1	1	42	0
-.736185	-.769527	0	1	1	42	0
1.755279	2.595582	0	1	1	42	0
.646869	.214954	0	1	1	42	0
3.999034	2.505799	0	1	1	42	0
-.136245	.153884	0	1	1	42	0
5.298836	3.644002	0	1	1	42	0
3.229722	3.674612	0	1	1	42	0
.6067	-.184752	0	1	1	43	0
-.625181	.889755	0	1	1	43	0
-1.745811	-2.506114	0	1	1	43	0
-3.20291	-3.300778	0	1	1	43	0
-1.128363	-.992657	0	1	1	43	0
-1.290984	-1.718089	0	1	1	43	0
-1.723413	-2.135346	0	1	1	43	0
-.957393	-.688305	0	1	1	43	0
-3.686258	-4.235116	0	1	1	43	0
.789917	1.235839	0	1	1	43	0
-2.799178	-1.898522	0	1	1	43	0
-1.125356	.072603	0	1	1	43	0
-.418506	-1.137282	0	1	1	43	0
-2.564046	-4.489009	0	1	1	43	0
-.233873	-2.542323	0	1	1	43	0
2.074364	1.648269	0	1	1	43	0
.562248	-1.229284	0	1	1	43	0
-3.293501	-2.069877	0	1	1	43	0
1.419303	.156895	0	1	1	43	0
-.94203	-.19821	0	1	1	43	0
2.64153	.048875	0	1	1	43	0
-1.536178	-2.556237	0	1	1	43	0
2.206426	-.557051	0	1	1	43	0
-3.004429	-1.036651	0	1	1	43	0
.380574	-1.298426	0	1	1	43	0
4.00812	2.401417	1	0	1	44	0
-2.028013	-4.489529	1	0	1	44	0
4.007992	3.433655	1	0	1	44	0
.258411	-1.024817	1	0	1	44	0
-4.74991	-3.291636	1	0	1	44	0
-1.318518	-2.105999	1	0	1	44	0
2.538775	.070216	1	0	1	44	0
-1.805835	-1.092612	1	0	1	44	0
.741842	.704391	1	0	1	44	0
.007519	-.502949	1	0	1	44	0
-1.165343	-.175795	1	0	1	44	0
-2.090159	-1.544777	1	0	1	44	0
-5.143909	-3.865758	1	0	1	44	0
-1.324258	-2.260644	1	0	1	44	0
4.857695	3.694087	1	0	1	44	0
-.001218	1.142856	1	0	1	44	0
1.088773	-2.283775	1	0	1	44	0
-1.521911	-.082054	1	0	1	44	0
1.992458	1.24101	1	0	1	44	0
.81638	.948252	1	0	1	44	0
-.90232	.828718	1	0	1	44	0
1.504483	1.415924	1	0	1	44	0
-.789848	-2.01857	1	0	1	44	0
2.302546	.862417	1	0	1	44	0
-.538533	-1.214368	1	0	1	44	0
4.251069	4.08464	0	0	1	45	0
-.996309	-.359884	0	0	1	45	0
2.658835	3.639447	0	0	1	45	0
3.995353	4.887614	0	0	1	45	0
3.031072	4.078501	0	0	1	45	0
-1.870806	-.839214	0	0	1	45	0
.564675	2.466173	0	0	1	45	0
-1.124486	-.19679	0	0	1	45	0
-1.232328	1.088224	0	0	1	45	0
1.065365	2.335895	0	0	1	45	0
-.984863	-.857911	0	0	1	45	0
3.463951	3.86959	0	0	1	45	0
.695857	.950247	0	0	1	45	0
1.406101	.045823	0	0	1	45	0
.912434	.104276	0	0	1	45	0
-2.026544	-.579696	0	0	1	45	0
1.079054	1.154954	0	0	1	45	0
.551679	1.794107	0	0	1	45	0
-.639536	-2.416245	0	0	1	45	0
-.29738	-.547583	0	0	1	45	0
.640503	.382932	0	0	1	45	0
1.316766	2.096248	0	0	1	45	0
-1.418566	-1.974364	0	0	1	45	0
-.146514	-.416847	0	0	1	45	0
2.416218	1.96939	0	0	1	45	0
3.094478	2.072766	1	0	1	46	0
-1.47357	-2.628898	1	0	1	46	0
1.543236	-.30327	1	0	1	46	0
4.038786	1.682988	1	0	1	46	0
-.438056	-.677939	1	0	1	46	0
1.443441	-.082918	1	0	1	46	0
.471179	.315036	1	0	1	46	0
2.454383	1.583114	1	0	1	46	0
-.400552	-.05102	1	0	1	46	0
1.97653	2.907736	1	0	1	46	0
1.93566	.446611	1	0	1	46	0
.93224	-.599598	1	0	1	46	0
2.26107	1.749032	1	0	1	46	0
.178294	1.155167	1	0	1	46	0
1.97463	2.408525	1	0	1	46	0
.542674	.614778	1	0	1	46	0
-.990921	-1.157134	1	0	1	46	0
4.509197	2.449179	1	0	1	46	0
.979902	.029493	1	0	1	46	0
-.269024	-1.141275	1	0	1	46	0
.161366	-1.090559	1	0	1	46	0
3.766158	1.385012	1	0	1	46	0
-3.029485	-1.454088	1	0	1	46	0
.216976	-.067273	1	0	1	46	0
2.465039	1.523002	1	0	1	46	0
1.485972	1.149652	1	1	1	47	1
-.78198	-3.952341	1	1	1	47	1
-1.511062	-1.158216	1	1	1	47	1
2.620789	-.81154	1	1	1	47	1
3.61137	1.618617	1	1	1	47	1
1.265023	-1.312777	1	1	1	47	1
-.21635	-1.470078	1	1	1	47	1
1.445349	-2.792678	1	1	1	47	1
1.616781	.81396	1	1	1	47	1
-1.565404	-2.767555	1	1	1	47	1
1.089256	-.934943	1	1	1	47	1
1.258786	-.631473	1	1	1	47	1
.565796	.884681	1	1	1	47	1
-1.839236	-1.871357	1	1	1	47	1
1.702298	-.057978	1	1	1	47	1
3.169613	2.53859	1	1	1	47	1
6.383233	4.751905	1	1	1	47	1
.692446	-.175872	1	1	1	47	1
1.999153	2.053648	1	1	1	47	1
.23884	-.475024	1	1	1	47	1
-1.350172	-3.245091	1	1	1	47	1
2.629841	1.46866	1	1	1	47	1
.087448	-.170834	1	1	1	47	1
.995916	-1.221079	1	1	1	47	1
.766149	1.718471	1	1	1	47	1
-3.305793	-3.907393	0	0	1	48	0
-.415132	3.069915	0	0	1	48	0
-2.286479	-.505641	0	0	1	48	0
-1.118711	-.549542	0	0	1	48	0
-2.040928	-1.73336	0	0	1	48	0
-4.243086	-4.973569	0	0	1	48	0
-3.55269	-3.034817	0	0	1	48	0
-2.866038	-3.114298	0	0	1	48	0
-2.798985	-1.748488	0	0	1	48	0
-4.241974	-1.823568	0	0	1	48	0
-3.284159	-4.122195	0	0	1	48	0
.437258	.378187	0	0	1	48	0
.401833	-2.337954	0	0	1	48	0
-.810312	-1.283049	0	0	1	48	0
-.571213	-2.969213	0	0	1	48	0
-.157104	1.223641	0	0	1	48	0
-.27198	1.531544	0	0	1	48	0
-.558088	-.863631	0	0	1	48	0
1.395578	-.401229	0	0	1	48	0
-1.699154	-1.770377	0	0	1	48	0
-.309969	-2.116121	0	0	1	48	0
1.558691	.483871	0	0	1	48	0
-4.454185	-4.520006	0	0	1	48	0
.721784	-.591998	0	0	1	48	0
-1.133403	-.01853	0	0	1	48	0
-.10722	1.070587	1	0	1	49	0
1.015874	-2.057635	1	0	1	49	0
1.710722	.078773	1	0	1	49	0
4.642157	5.050185	1	0	1	49	0
1.86463	2.735485	1	0	1	49	0
.756626	.693899	1	0	1	49	0
1.820179	.898162	1	0	1	49	0
2.563645	.394514	1	0	1	49	0
-1.509506	-2.257433	1	0	1	49	0
-1.263459	-2.209506	1	0	1	49	0
2.726377	1.691488	1	0	1	49	0
1.439994	-1.263524	1	0	1	49	0
1.318452	1.823126	1	0	1	49	0
-.396744	1.598938	1	0	1	49	0
.343042	-.610641	1	0	1	49	0
4.089708	.95155	1	0	1	49	0
2.873755	.373492	1	0	1	49	0
1.8317	-.1069	1	0	1	49	0
1.203933	1.09296	1	0	1	49	0
-1.29688	-1.572951	1	0	1	49	0
-2.662575	-4.144919	1	0	1	49	0
4.730472	3.186193	1	0	1	49	0
-.573357	-.759254	1	0	1	49	0
-1.304752	-3.499129	1	0	1	49	0
.925273	.298984	1	0	1	49	0
.036278	1.284777	1	1	1	50	1
.723875	3.640171	1	1	1	50	1
-2.557485	-2.430908	1	1	1	50	1
1.2962	.41014	1	1	1	50	1
1.931722	2.446476	1	1	1	50	1
-2.77293	-1.818734	1	1	1	50	1
1.029554	.283481	1	1	1	50	1
3.806793	2.744935	1	1	1	50	1
3.095867	2.571977	1	1	1	50	1
5.49562	4.353394	1	1	1	50	1
.02337	-1.043189	1	1	1	50	1
1.903334	-.674141	1	1	1	50	1
3.255066	1.05314	1	1	1	50	1
.891944	1.316971	1	1	1	50	1
-.118948	-.775295	1	1	1	50	1
-2.038813	-2.59326	1	1	1	50	1
-.033894	.128089	1	1	1	50	1
-3.039203	-4.664885	1	1	1	50	1
2.008324	2.032258	1	1	1	50	1
-.815119	.162072	1	1	1	50	1
2.269095	1.013583	1	1	1	50	1
-.301202	-1.051865	1	1	1	50	1
.650953	4.272778	1	1	1	50	1
-2.045429	-2.525174	1	1	1	50	1
-.03036	-.529361	1	1	1	50	1
3.095784	2.231793	0	0	1	51	0
1.16627	.309765	0	0	1	51	0
1.0076	.066034	0	0	1	51	0
-2.927396	-2.120672	0	0	1	51	0
-.823216	1.420934	0	0	1	51	0
-.182698	-.56475	0	0	1	51	0
-.22013	.062584	0	0	1	51	0
.890307	2.033839	0	0	1	51	0
-1.711772	-2.600565	0	0	1	51	0
2.950386	1.121891	0	0	1	51	0
-1.142227	-.729084	0	0	1	51	0
-.995472	-1.026956	0	0	1	51	0
-2.309122	-2.763252	0	0	1	51	0
1.840084	2.238466	0	0	1	51	0
.25623	-.683013	0	0	1	51	0
.310832	.969405	0	0	1	51	0
1.044615	.596839	0	0	1	51	0
-1.988115	-.805837	0	0	1	51	0
2.202968	1.631012	0	0	1	51	0
-.577177	-.882202	0	0	1	51	0
-1.339308	1.017574	0	0	1	51	0
1.607215	1.206089	0	0	1	51	0
-2.575569	-1.401596	0	0	1	51	0
-4.270729	-3.964971	0	0	1	51	0
1.187993	1.931464	0	0	1	51	0
-1.094715	-.038731	0	0	1	52	0
-3.070533	-3.218195	0	0	1	52	0
3.9244	4.609381	0	0	1	52	0
-1.745229	-.657569	0	0	1	52	0
2.913086	3.142768	0	0	1	52	0
2.789693	1.957658	0	0	1	52	0
-1.243181	-3.159751	0	0	1	52	0
3.410399	3.897589	0	0	1	52	0
3.139015	2.9176	0	0	1	52	0
-.233441	.326974	0	0	1	52	0
-.895279	-.047115	0	0	1	52	0
1.791513	3.112004	0	0	1	52	0
1.980999	1.393471	0	0	1	52	0
1.652751	1.896921	0	0	1	52	0
.116393	1.438566	0	0	1	52	0
.548433	-1.093097	0	0	1	52	0
.734549	-.463391	0	0	1	52	0
2.108872	.874207	0	0	1	52	0
3.160726	.880574	0	0	1	52	0
5.873418	6.224612	0	0	1	52	0
1.126264	.989045	0	0	1	52	0
-1.407739	-.797107	0	0	1	52	0
.545788	-.594154	0	0	1	52	0
-.206579	.953623	0	0	1	52	0
-.982898	-1.169128	0	0	1	52	0
1.423683	-.556847	0	0	1	53	0
-1.090302	-1.589819	0	0	1	53	0
-2.903919	-1.606782	0	0	1	53	0
-1.91985	-2.014022	0	0	1	53	0
-.65639	-.279859	0	0	1	53	0
-2.758874	-3.896254	0	0	1	53	0
2.350919	4.641817	0	0	1	53	0
-1.156606	.904966	0	0	1	53	0
-1.918136	.411564	0	0	1	53	0
-.022409	-.535151	0	0	1	53	0
2.718556	1.582712	0	0	1	53	0
1.563971	2.077299	0	0	1	53	0
-3.267354	-2.579542	0	0	1	53	0
1.054094	.936444	0	0	1	53	0
2.60656	1.698351	0	0	1	53	0
-.458988	-.167059	0	0	1	53	0
1.383897	2.401355	0	0	1	53	0
.615402	1.287415	0	0	1	53	0
-.275076	-1.449525	0	0	1	53	0
-.249331	2.905922	0	0	1	53	0
1.577789	-1.101671	0	0	1	53	0
-4.246913	-2.502382	0	0	1	53	0
-.369402	-1.273348	0	0	1	53	0
.916546	1.712246	0	0	1	53	0
.186934	2.39667	0	0	1	53	0
.503431	.403193	1	0	1	54	0
-1.172894	-1.867206	1	0	1	54	0
-1.254993	-1.874788	1	0	1	54	0
-.050244	-.695529	1	0	1	54	0
2.951608	2.403855	1	0	1	54	0
-1.516112	-1.726249	1	0	1	54	0
2.996125	2.831484	1	0	1	54	0
.903639	-1.534608	1	0	1	54	0
1.360822	.691674	1	0	1	54	0
-3.652232	-4.574756	1	0	1	54	0
.184627	-.548689	1	0	1	54	0
3.832111	1.13007	1	0	1	54	0
-2.067981	-3.040173	1	0	1	54	0
-2.887599	-2.632259	1	0	1	54	0
.012258	-.197015	1	0	1	54	0
1.066067	-.008512	1	0	1	54	0
.049619	-1.878066	1	0	1	54	0
2.272728	2.244873	1	0	1	54	0
-.206028	1.466044	1	0	1	54	0
.538885	.416964	1	0	1	54	0
-.63573	-1.284383	1	0	1	54	0
-1.306288	-2.993228	1	0	1	54	0
-2.525141	-3.152666	1	0	1	54	0
-2.824474	-3.611137	1	0	1	54	0
-1.34757	-.90138	1	0	1	54	0
-1.692866	-2.836064	0	0	1	55	0
-2.25655	-.870821	0	0	1	55	0
.228124	-2.377851	0	0	1	55	0
-2.710025	-1.34354	0	0	1	55	0
-2.253245	.245177	0	0	1	55	0
.581767	.444033	0	0	1	55	0
-.278131	-1.735499	0	0	1	55	0
-1.407812	-.803349	0	0	1	55	0
.181541	.355025	0	0	1	55	0
.907677	-.506284	0	0	1	55	0
-.022247	.940726	0	0	1	55	0
-.677283	.596313	0	0	1	55	0
.714326	1.844617	0	0	1	55	0
1.424917	-.377248	0	0	1	55	0
-3.464704	-3.313809	0	0	1	55	0
-1.940811	-1.444641	0	0	1	55	0
2.893974	2.592356	0	0	1	55	0
1.844919	.361587	0	0	1	55	0
-.370763	.846966	0	0	1	55	0
.711966	2.036364	0	0	1	55	0
-.734103	-.49511	0	0	1	55	0
-.015157	.758419	0	0	1	55	0
-4.598362	-5.130512	0	0	1	55	0
-2.370631	-2.366836	0	0	1	55	0
-.787673	.080826	0	0	1	55	0
-1.568339	-.325476	0	0	1	56	0
-1.006611	-.593481	0	0	1	56	0
1.285055	3.336627	0	0	1	56	0
-.749664	-1.820707	0	0	1	56	0
2.310525	3.340535	0	0	1	56	0
-.729724	.045726	0	0	1	56	0
1.783079	.290163	0	0	1	56	0
.714777	.785796	0	0	1	56	0
-1.290106	-1.677278	0	0	1	56	0
1.733748	.244996	0	0	1	56	0
1.336373	-.597128	0	0	1	56	0
4.45068	2.899134	0	0	1	56	0
-1.183078	-1.602412	0	0	1	56	0
3.185489	3.621141	0	0	1	56	0
-.038397	-.855003	0	0	1	56	0
2.961311	3.87477	0	0	1	56	0
-.008544	.222207	0	0	1	56	0
2.523497	2.364265	0	0	1	56	0
4.789201	3.487255	0	0	1	56	0
1.041847	2.593321	0	0	1	56	0
1.016484	.461181	0	0	1	56	0
.877239	-.151928	0	0	1	56	0
.247908	.053625	0	0	1	56	0
2.899262	3.909244	0	0	1	56	0
1.371526	2.007165	0	0	1	56	0
-5.136623	-4.364882	1	0	1	57	0
-.312382	-1.311657	1	0	1	57	0
-1.062031	-1.152582	1	0	1	57	0
-6.496184	-5.377384	1	0	1	57	0
-3.669509	-4.07528	1	0	1	57	0
-3.972784	-4.453888	1	0	1	57	0
-2.995398	-1.712799	1	0	1	57	0
-2.647338	-2.622056	1	0	1	57	0
-2.182762	-2.318626	1	0	1	57	0
2.030734	3.641388	1	0	1	57	0
-5.194684	-4.228491	1	0	1	57	0
.077185	-.753767	1	0	1	57	0
-1.591346	-1.703726	1	0	1	57	0
-2.259006	-1.072373	1	0	1	57	0
-7.152923	-6.772746	1	0	1	57	0
-1.317026	-.58898	1	0	1	57	0
-.008478	-.080154	1	0	1	57	0
-.734867	.236204	1	0	1	57	0
-2.160363	-1.52006	1	0	1	57	0
-2.121836	-2.185228	1	0	1	57	0
-2.068188	-3.478909	1	0	1	57	0
-2.555259	.830319	1	0	1	57	0
-2.813441	-2.192328	1	0	1	57	0
-3.501685	-1.908726	1	0	1	57	0
-.483223	-1.193055	1	0	1	57	0
-1.391836	-1.568638	1	1	1	58	1
1.401813	1.28472	1	1	1	58	1
4.042614	4.688982	1	1	1	58	1
.226988	.253955	1	1	1	58	1
-.685079	-.489139	1	1	1	58	1
-.358212	-2.928822	1	1	1	58	1
-.714665	-1.490777	1	1	1	58	1
2.419252	2.784042	1	1	1	58	1
-.281657	-.364207	1	1	1	58	1
.145003	1.07486	1	1	1	58	1
-1.869708	-2.998275	1	1	1	58	1
-.544415	-3.735135	1	1	1	58	1
2.391445	2.714163	1	1	1	58	1
-1.145386	-.407727	1	1	1	58	1
2.085768	-1.288572	1	1	1	58	1
-3.791298	-2.801053	1	1	1	58	1
-.744655	-2.20248	1	1	1	58	1
.5218	-1.344577	1	1	1	58	1
-2.030384	-2.963451	1	1	1	58	1
.875522	-1.256766	1	1	1	58	1
-2.988939	-2.200805	1	1	1	58	1
-.625017	.549233	1	1	1	58	1
-2.509727	-3.639302	1	1	1	58	1
-.210053	.487558	1	1	1	58	1
1.028153	-1.375269	1	1	1	58	1
.193001	1.246311	1	0	1	59	0
-.738298	.083461	1	0	1	59	0
-2.632501	-.986563	1	0	1	59	0
-2.219953	-1.901266	1	0	1	59	0
2.090879	3.55393	1	0	1	59	0
1.308839	1.407666	1	0	1	59	0
-.293185	.506146	1	0	1	59	0
4.133779	3.061249	1	0	1	59	0
5.068884	3.913782	1	0	1	59	0
-2.523053	-.462812	1	0	1	59	0
3.84875	3.884065	1	0	1	59	0
1.161367	2.498635	1	0	1	59	0
1.440952	2.469972	1	0	1	59	0
2.002216	2.244585	1	0	1	59	0
1.604006	.771434	1	0	1	59	0
4.173789	6.918001	1	0	1	59	0
-.003072	-.735906	1	0	1	59	0
2.415572	3.390568	1	0	1	59	0
2.190756	2.484119	1	0	1	59	0
1.204011	1.88825	1	0	1	59	0
-3.388745	-2.394293	1	0	1	59	0
-2.416979	.850621	1	0	1	59	0
-2.731068	-1.287799	1	0	1	59	0
-.457427	-.384792	1	0	1	59	0
1.567974	3.102412	1	0	1	59	0
-.114382	-1.895074	1	1	1	60	1
-1.420961	-2.068126	1	1	1	60	1
-2.756161	-2.681557	1	1	1	60	1
-2.245461	-3.742344	1	1	1	60	1
-.347728	-.978358	1	1	1	60	1
-.72151	-1.117541	1	1	1	60	1
-2.517743	-1.885872	1	1	1	60	1
.604605	1.387484	1	1	1	60	1
-1.381586	-1.704176	1	1	1	60	1
-.270307	-2.287449	1	1	1	60	1
4.012365	1.869536	1	1	1	60	1
-1.273702	-1.010813	1	1	1	60	1
1.176151	-.944135	1	1	1	60	1
1.695271	-1.131164	1	1	1	60	1
-4.839418	-7.75764	1	1	1	60	1
-1.79996	-3.812271	1	1	1	60	1
-.381947	-4.091032	1	1	1	60	1
-3.440346	-3.136393	1	1	1	60	1
2.251443	2.064754	1	1	1	60	1
.89384	-.794816	1	1	1	60	1
-2.699779	-2.624826	1	1	1	60	1
-2.049597	-6.034116	1	1	1	60	1
.514384	-3.188014	1	1	1	60	1
.902338	-.138899	1	1	1	60	1
.430956	-1.139242	1	1	1	60	1
