1.127908	-.396341	1	0	1	1	0
-2.44532	-1.799002	1	0	1	1	0
4.112974	3.981022	1	0	1	1	0
-1.017055	-.642139	1	0	1	1	0
-.954094	-2.162301	1	0	1	1	0
-.492652	.129888	1	0	1	1	0
.976062	1.926184	1	0	1	1	0
3.267422	1.32315	1	0	1	1	0
-2.339022	-3.544184	1	0	1	1	0
-1.120794	-1.100947	1	0	1	1	0
-2.303975	-2.771866	1	0	1	1	0
-1.14839	-.030082	1	0	1	1	0
2.068485	1.835642	1	0	1	1	0
.905502	2.924748	1	0	1	1	0
1.729401	1.970134	1	0	1	1	0
-1.493121	-.041526	1	0	1	2	0
-.731076	-.732406	1	0	1	2	0
-1.299613	-1.760584	1	0	1	2	0
-1.249053	-2.24024	1	0	1	2	0
-.07535	-.679478	1	0	1	2	0
-1.91278	-1.180884	1	0	1	2	0
-.979293	-2.258249	1	0	1	2	0
-.314942	-.185789	1	0	1	2	0
.26142	-.544786	1	0	1	2	0
-1.629554	-2.64214	1	0	1	2	0
-2.321469	-2.162494	1	0	1	2	0
-.952866	-.889996	1	0	1	2	0
-3.425042	-3.268991	1	0	1	2	0
-2.602975	-2.513579	1	0	1	2	0
-2.56565	-4.547298	1	0	1	2	0
2.187831	2.281415	1	0	1	3	0
6.761871	5.778003	1	0	1	3	0
5.114224	3.873968	1	0	1	3	0
4.716547	3.495053	1	0	1	3	0
-1.745119	-2.094876	1	0	1	3	0
4.095831	2.942593	1	0	1	3	0
-1.712616	-2.717949	1	0	1	3	0
3.166031	3.549612	1	0	1	3	0
6.605993	4.693021	1	0	1	3	0
3.216237	1.447975	1	0	1	3	0
5.129062	6.236004	1	0	1	3	0
2.167552	2.60832	1	0	1	3	0
2.853497	2.282929	1	0	1	3	0
6.68698	5.638216	1	0	1	3	0
3.222207	2.523606	1	0	1	3	0
3.023898	1.152519	1	0	1	4	0
4.022947	4.009475	1	0	1	4	0
1.289914	2.946076	1	0	1	4	0
.293244	-.700485	1	0	1	4	0
1.437084	2.913104	1	0	1	4	0
3.006377	3.16328	1	0	1	4	0
1.179492	.072011	1	0	1	4	0
1.865065	1.387416	1	0	1	4	0
3.305317	1.765701	1	0	1	4	0
-.724955	-2.258407	1	0	1	4	0
3.593766	1.543152	1	0	1	4	0
4.042248	5.632452	1	0	1	4	0
.035007	-1.104368	1	0	1	4	0
1.386175	-.168661	1	0	1	4	0
2.659151	.727339	1	0	1	4	0
-3.647935	-5.977906	1	1	1	5	1
-1.428447	-3.394508	1	1	1	5	1
1.374495	1.561102	1	1	1	5	1
-1.078009	-.058882	1	1	1	5	1
-2.050406	-2.928415	1	1	1	5	1
-4.548855	-3.536247	1	1	1	5	1
-1.412143	-2.447447	1	1	1	5	1
.79868	-.621096	1	1	1	5	1
-1.964081	-1.576681	1	1	1	5	1
2.386376	.55593	1	1	1	5	1
2.136143	.830166	1	1	1	5	1
-2.971078	-1.390887	1	1	1	5	1
-2.05177	-2.009462	1	1	1	5	1
-4.386028	-4.355755	1	1	1	5	1
.178201	-1.281995	1	1	1	5	1
4.760885	2.492976	1	1	1	6	1
5.102247	2.270641	1	1	1	6	1
3.174894	3.591705	1	1	1	6	1
-1.377536	-1.748877	1	1	1	6	1
4.76418	3.213594	1	1	1	6	1
2.95537	1.274422	1	1	1	6	1
1.052301	-1.194092	1	1	1	6	1
5.047907	3.10162	1	1	1	6	1
-1.233455	-3.396453	1	1	1	6	1
-2.154819	-4.592304	1	1	1	6	1
2.999035	.605863	1	1	1	6	1
-.070001	-.05543	1	1	1	6	1
6.673284	3.647664	1	1	1	6	1
.496003	.094739	1	1	1	6	1
2.619385	.727778	1	1	1	6	1
2.672395	3.567256	0	0	1	7	0
1.71542	.837275	0	0	1	7	0
1.278238	-.135388	0	0	1	7	0
-1.784299	.331156	0	0	1	7	0
4.514144	4.283337	0	0	1	7	0
3.431226	1.780721	0	0	1	7	0
2.050723	3.091324	0	0	1	7	0
.770474	1.335827	0	0	1	7	0
-2.877268	-.673943	0	0	1	7	0
-2.421282	-1.369161	0	0	1	7	0
-2.277408	-1.981581	0	0	1	7	0
.526899	1.462367	0	0	1	7	0
-.59548	-.555939	0	0	1	7	0
4.963847	2.775155	0	0	1	7	0
-2.051105	-.920812	0	0	1	7	0
-3.247496	-2.120955	0	1	1	8	0
-2.070023	-2.657839	0	1	1	8	0
-2.506663	-2.262776	0	1	1	8	0
-1.390687	.381907	0	1	1	8	0
-.049605	-.956414	0	1	1	8	0
.167281	-.819885	0	1	1	8	0
-.652838	-1.790094	0	1	1	8	0
-.87986	-1.312051	0	1	1	8	0
2.007174	.792373	0	1	1	8	0
-.366223	-1.890681	0	1	1	8	0
-.17951	-1.089968	0	1	1	8	0
-1.33382	-1.197608	0	1	1	8	0
-.128403	-2.745884	0	1	1	8	0
-1.34164	-2.621634	0	1	1	8	0
-1.715872	-2.212942	0	1	1	8	0
1.345206	.613329	0	1	1	9	0
-.431909	-.527667	0	1	1	9	0
1.678717	1.044914	0	1	1	9	0
5.723605	4.647476	0	1	1	9	0
-1.922947	-1.107455	0	1	1	9	0
-.045872	.965693	0	1	1	9	0
1.813327	.444871	0	1	1	9	0
3.026034	4.129644	0	1	1	9	0
.54294	-1.049584	0	1	1	9	0
1.998728	2.454786	0	1	1	9	0
1.738109	.914724	0	1	1	9	0
3.524545	3.269891	0	1	1	9	0
5.460302	3.349378	0	1	1	9	0
-.018898	.805622	0	1	1	9	0
1.587868	.202381	0	1	1	9	0
2.053359	1.595769	1	0	1	10	0
1.505336	.831497	1	0	1	10	0
1.514909	.774804	1	0	1	10	0
2.829284	1.636258	1	0	1	10	0
4.099694	2.385296	1	0	1	10	0
3.295984	4.031081	1	0	1	10	0
2.574255	4.14531	1	0	1	10	0
2.052487	1.496457	1	0	1	10	0
4.661893	3.442951	1	0	1	10	0
3.176922	-.5621	1	0	1	10	0
.344267	.236383	1	0	1	10	0
1.384656	2.649973	1	0	1	10	0
3.534831	2.492641	1	0	1	10	0
.48285	.741255	1	0	1	10	0
3.210835	.966935	1	0	1	10	0
2.628593	.702725	0	1	1	11	0
-.126262	-.321706	0	1	1	11	0
-.107337	.541283	0	1	1	11	0
.432988	1.429435	0	1	1	11	0
.084538	-.065684	0	1	1	11	0
1.131324	.779671	0	1	1	11	0
.421671	1.307686	0	1	1	11	0
.288522	1.496093	0	1	1	11	0
5.512344	4.607943	0	1	1	11	0
1.449969	2.278723	0	1	1	11	0
1.861036	2.189396	0	1	1	11	0
2.827649	.894108	0	1	1	11	0
.275994	1.601029	0	1	1	11	0
.500182	.990094	0	1	1	11	0
2.228345	.541489	0	1	1	11	0
2.107541	2.454967	1	1	1	12	1
.193248	-.941969	1	1	1	12	1
.695543	-1.664908	1	1	1	12	1
-1.636233	-1.594711	1	1	1	12	1
-1.719406	-2.646542	1	1	1	12	1
.903168	-2.025485	1	1	1	12	1
-2.659101	-1.091459	1	1	1	12	1
1.775731	2.077019	1	1	1	12	1
.58105	1.078672	1	1	1	12	1
1.2474	.643486	1	1	1	12	1
.460393	-.841312	1	1	1	12	1
-1.822521	.243866	1	1	1	12	1
.424445	-1.136774	1	1	1	12	1
-.274539	-1.967372	1	1	1	12	1
.335044	-.944107	1	1	1	12	1
3.550302	3.921689	0	0	1	13	0
.725185	-.140757	0	0	1	13	0
1.869733	-.736413	0	0	1	13	0
2.898864	4.391176	0	0	1	13	0
.278567	1.202787	0	0	1	13	0
1.843433	2.871501	0	0	1	13	0
-.285671	.510913	0	0	1	13	0
1.279426	-1.786474	0	0	1	13	0
2.112413	1.971908	0	0	1	13	0
-1.531644	1.00012	0	0	1	13	0
4.549713	2.090284	0	0	1	13	0
1.875255	.33624	0	0	1	13	0
-1.112029	-1.460054	0	0	1	13	0
-.99764	-2.320687	0	0	1	13	0
.574006	-.317954	0	0	1	13	0
1.651477	1.460404	0	0	1	14	0
-2.773533	-1.539886	0	0	1	14	0
.586005	.035791	0	0	1	14	0
1.296397	-.033345	0	0	1	14	0
-1.383171	-.099817	0	0	1	14	0
-2.390546	-1.725032	0	0	1	14	0
-.949391	-2.447245	0	0	1	14	0
.701313	-1.456765	0	0	1	14	0
-.321039	-.890515	0	0	1	14	0
-2.601201	-2.050928	0	0	1	14	0
-.160124	-2.236861	0	0	1	14	0
-2.035224	-3.752674	0	0	1	14	0
-5.076117	-1.955243	0	0	1	14	0
3.838074	2.429217	0	0	1	14	0
2.128827	1.441223	0	0	1	14	0
2.621795	-2.31806	1	0	1	15	0
-2.181733	-1.100262	1	0	1	15	0
-.884411	-2.758876	1	0	1	15	0
2.375212	.272895	1	0	1	15	0
-3.595091	-3.076145	1	0	1	15	0
2.065966	.7744	1	0	1	15	0
-1.386947	-.441529	1	0	1	15	0
3.597186	3.126668	1	0	1	15	0
-2.818712	-5.147263	1	0	1	15	0
-.373845	-.344965	1	0	1	15	0
.775294	.87286	1	0	1	15	0
2.358854	.032706	1	0	1	15	0
-3.347248	-4.089313	1	0	1	15	0
.475998	-1.630812	1	0	1	15	0
2.205795	2.997169	1	0	1	15	0
-4.657003	-4.748358	1	0	1	16	0
-1.742891	-.437963	1	0	1	16	0
-4.311478	-2.122971	1	0	1	16	0
.922528	.461792	1	0	1	16	0
-1.707193	-2.514683	1	0	1	16	0
-.187594	-.215177	1	0	1	16	0
2.309026	2.33183	1	0	1	16	0
.3867	-.489668	1	0	1	16	0
1.20258	-.662502	1	0	1	16	0
.85597	-1.311929	1	0	1	16	0
-3.54938	-2.293308	1	0	1	16	0
-3.970375	-4.494676	1	0	1	16	0
-1.310995	-3.047047	1	0	1	16	0
2.099265	1.82814	1	0	1	16	0
2.65775	1.981663	1	0	1	16	0
-1.877294	-2.284662	0	0	1	17	0
-3.656564	-.55116	0	0	1	17	0
-1.134952	-1.050873	0	0	1	17	0
.723071	.170986	0	0	1	17	0
-6.082817	-5.543564	0	0	1	17	0
-3.963546	-4.164459	0	0	1	17	0
-3.195363	-3.532484	0	0	1	17	0
-3.989244	-3.796125	0	0	1	17	0
-.341689	-1.666285	0	0	1	17	0
-1.517657	-3.194321	0	0	1	17	0
-3.047126	-2.235099	0	0	1	17	0
-.064861	-1.012253	0	0	1	17	0
1.129248	1.734592	0	0	1	17	0
1.631729	.308587	0	0	1	17	0
-3.302762	-2.300441	0	0	1	17	0
3.114004	5.66441	0	1	1	18	0
1.826221	.626173	0	1	1	18	0
2.580995	1.212162	0	1	1	18	0
.637005	.727364	0	1	1	18	0
-.069584	.070685	0	1	1	18	0
2.074076	3.809607	0	1	1	18	0
1.203201	.693509	0	1	1	18	0
-1.76318	-3.457372	0	1	1	18	0
.213122	-.437931	0	1	1	18	0
.390849	-1.049229	0	1	1	18	0
2.164367	2.968235	0	1	1	18	0
1.093493	1.982787	0	1	1	18	0
.058658	-2.911222	0	1	1	18	0
3.310724	1.691457	0	1	1	18	0
1.686606	1.268419	0	1	1	18	0
1.504612	.70789	0	1	1	19	0
-3.534411	-3.184119	0	1	1	19	0
-.03405	-1.374225	0	1	1	19	0
-2.953125	.177359	0	1	1	19	0
.451243	.270306	0	1	1	19	0
.030885	-1.748703	0	1	1	19	0
5.096555	5.389291	0	1	1	19	0
.902336	1.843511	0	1	1	19	0
1.57833	1.812921	0	1	1	19	0
1.935568	3.371999	0	1	1	19	0
-.219504	.293617	0	1	1	19	0
-.216065	-.02975	0	1	1	19	0
-2.472318	-2.441698	0	1	1	19	0
1.349094	-.751551	0	1	1	19	0
4.315313	.792401	0	1	1	19	0
1.492502	1.947431	0	1	1	20	0
.353075	.766986	0	1	1	20	0
.577649	1.316663	0	1	1	20	0
1.431727	3.745398	0	1	1	20	0
-3.093216	-3.292205	0	1	1	20	0
.034411	-1.607924	0	1	1	20	0
-.222727	1.702972	0	1	1	20	0
3.998761	3.116091	0	1	1	20	0
-4.423159	-2.598155	0	1	1	20	0
5.510565	6.374371	0	1	1	20	0
3.819102	3.073991	0	1	1	20	0
-1.048069	1.042843	0	1	1	20	0
-.754849	-.252278	0	1	1	20	0
-1.278804	-1.574978	0	1	1	20	0
2.593422	1.215833	0	1	1	20	0
1.668058	1.766662	0	0	1	21	0
-.842354	1.313874	0	0	1	21	0
3.926161	4.247774	0	0	1	21	0
-1.451985	.497518	0	0	1	21	0
-.734414	-.007534	0	0	1	21	0
3.10118	2.509543	0	0	1	21	0
2.942213	1.863627	0	0	1	21	0
1.531674	1.218858	0	0	1	21	0
1.832667	2.622672	0	0	1	21	0
3.056072	1.552149	0	0	1	21	0
3.384734	3.088202	0	0	1	21	0
2.998155	3.127514	0	0	1	21	0
3.858148	4.091537	0	0	1	21	0
1.673203	2.034254	0	0	1	21	0
-3.969273	-.915819	0	0	1	21	0
4.772915	2.52681	0	0	1	21	0
2.023083	3.410072	0	0	1	21	0
1.281603	1.35844	0	0	1	21	0
2.594926	1.762524	0	0	1	21	0
1.310539	2.252488	0	0	1	21	0
1.555254	2.591843	0	1	1	22	0
1.060164	1.048718	0	1	1	22	0
-.182743	-.536028	0	1	1	22	0
1.107144	-.44553	0	1	1	22	0
-1.521042	-3.364979	0	1	1	22	0
-2.689158	-1.945522	0	1	1	22	0
1.837663	.606418	0	1	1	22	0
.732994	-2.316942	0	1	1	22	0
-1.181942	-1.953094	0	1	1	22	0
1.52646	-.442143	0	1	1	22	0
-2.592717	-1.136686	0	1	1	22	0
-.935178	-.89472	0	1	1	22	0
-.750803	1.923845	0	1	1	22	0
-1.32169	-1.777572	0	1	1	22	0
-1.56713	.353523	0	1	1	22	0
-2.254244	-3.212594	0	1	1	22	0
-5.192704	-5.386786	0	1	1	22	0
2.406427	1.728432	0	1	1	22	0
1.157066	.620578	0	1	1	22	0
-2.339564	-2.19686	0	1	1	22	0
-1.260683	-1.503589	1	0	1	23	0
.098209	.680622	1	0	1	23	0
1.101429	-.779433	1	0	1	23	0
.569142	-.459801	1	0	1	23	0
1.084461	.464212	1	0	1	23	0
1.19182	-1.211361	1	0	1	23	0
-1.792648	-.673942	1	0	1	23	0
2.671575	2.176904	1	0	1	23	0
-2.128948	-3.935825	1	0	1	23	0
1.23658	.190099	1	0	1	23	0
-2.153998	-1.458626	1	0	1	23	0
.883835	.354006	1	0	1	23	0
-3.869303	-3.747414	1	0	1	23	0
-.4658	-2.754571	1	0	1	23	0
-.46271	-2.025009	1	0	1	23	0
-5.404065	-6.211211	1	0	1	23	0
-.257806	-4.093237	1	0	1	23	0
1.477831	.05149	1	0	1	23	0
4.337822	3.381438	1	0	1	23	0
-.524419	-1.904766	1	0	1	23	0
3.928017	3.692242	1	0	1	24	0
.187769	-.974111	1	0	1	24	0
-2.328569	-3.249455	1	0	1	24	0
-.301001	-.568556	1	0	1	24	0
.623302	-.003705	1	0	1	24	0
1.208109	-1.382327	1	0	1	24	0
.414018	1.217054	1	0	1	24	0
.116792	-.341341	1	0	1	24	0
1.723801	-.084535	1	0	1	24	0
-1.90891	-2.451918	1	0	1	24	0
.199855	1.543929	1	0	1	24	0
-.877947	-.017241	1	0	1	24	0
-1.365125	-.614977	1	0	1	24	0
-1.343144	-.564604	1	0	1	24	0
1.687386	1.73576	1	0	1	24	0
-1.270411	1.646638	1	0	1	24	0
.672847	1.60295	1	0	1	24	0
1.009056	-1.174577	1	0	1	24	0
-.275369	1.022617	1	0	1	24	0
.363967	-.974117	1	0	1	24	0
.806197	-.026248	1	0	1	25	0
-.246485	-.427228	1	0	1	25	0
5.62211	4.791417	1	0	1	25	0
4.975138	3.836185	1	0	1	25	0
2.759286	1.984427	1	0	1	25	0
3.143397	3.036549	1	0	1	25	0
2.438693	3.959767	1	0	1	25	0
2.531281	2.093382	1	0	1	25	0
1.622661	1.006293	1	0	1	25	0
4.604824	4.844846	1	0	1	25	0
4.524146	3.840927	1	0	1	25	0
7.351074	4.870568	1	0	1	25	0
2.560703	.683941	1	0	1	25	0
4.046939	3.255986	1	0	1	25	0
6.803998	4.562214	1	0	1	25	0
3.982201	4.907496	1	0	1	25	0
2.277671	1.988652	1	0	1	25	0
4.773831	3.314355	1	0	1	25	0
3.14399	2.296426	1	0	1	25	0
5.104934	5.487036	1	0	1	25	0
-.905031	.415761	0	1	1	26	0
2.193743	-.118599	0	1	1	26	0
.744051	.511501	0	1	1	26	0
-1.571763	-1.08424	0	1	1	26	0
1.262949	2.441887	0	1	1	26	0
3.930139	1.945792	0	1	1	26	0
1.180415	1.45534	0	1	1	26	0
-.681492	.72141	0	1	1	26	0
-4.309919	-3.707197	0	1	1	26	0
1.358987	2.02946	0	1	1	26	0
2.124789	-.940021	0	1	1	26	0
.218963	1.243886	0	1	1	26	0
.738125	1.559458	0	1	1	26	0
2.311722	1.667412	0	1	1	26	0
1.518152	1.704906	0	1	1	26	0
3.641177	.682009	0	1	1	26	0
5.486604	4.358178	0	1	1	26	0
2.513893	2.091632	0	1	1	26	0
-1.645352	-.473179	0	1	1	26	0
1.296887	3.072352	0	1	1	26	0
-.254122	1.668336	1	1	1	27	1
3.296635	4.44798	1	1	1	27	1
1.642253	1.820641	1	1	1	27	1
2.396879	1.586247	1	1	1	27	1
3.352396	3.048259	1	1	1	27	1
-1.457082	-2.824944	1	1	1	27	1
-.606535	-1.110727	1	1	1	27	1
2.718271	4.550808	1	1	1	27	1
-.748133	-1.476164	1	1	1	27	1
1.380427	.613523	1	1	1	27	1
1.959453	.015416	1	1	1	27	1
-1.292925	-.873406	1	1	1	27	1
2.729826	2.177036	1	1	1	27	1
-.531967	-2.909924	1	1	1	27	1
1.55543	.628956	1	1	1	27	1
1.060508	-.248182	1	1	1	27	1
-.642283	-.867419	1	1	1	27	1
2.579113	1.948592	1	1	1	27	1
-.652873	-1.619029	1	1	1	27	1
3.025524	-.65206	1	1	1	27	1
3.839315	4.426058	0	0	1	28	0
1.199168	1.530963	0	0	1	28	0
2.534254	-.385362	0	0	1	28	0
-1.370926	-3.083733	0	0	1	28	0
.031126	1.743634	0	0	1	28	0
-1.869878	-1.849993	0	0	1	28	0
.618436	2.041056	0	0	1	28	0
-.640767	.821319	0	0	1	28	0
.96378	1.060318	0	0	1	28	0
1.452884	1.975428	0	0	1	28	0
2.376874	2.470173	0	0	1	28	0
.6193	1.402838	0	0	1	28	0
.199603	1.467579	0	0	1	28	0
-2.973774	-4.044806	0	0	1	28	0
-1.485797	-3.210919	0	0	1	28	0
-.871626	-.950959	0	0	1	28	0
-.762978	-.402047	0	0	1	28	0
3.345105	.669352	0	0	1	28	0
-2.311079	-.429994	0	0	1	28	0
3.101643	2.038039	0	0	1	28	0
2.392681	.722723	1	0	1	29	0
6.399737	4.984756	1	0	1	29	0
2.357623	2.484656	1	0	1	29	0
2.033808	.802612	1	0	1	29	0
1.508255	2.432645	1	0	1	29	0
1.951464	2.086169	1	0	1	29	0
1.909155	2.371858	1	0	1	29	0
5.141552	2.217089	1	0	1	29	0
.138937	-.792091	1	0	1	29	0
2.820947	2.531543	1	0	1	29	0
3.217906	2.199941	1	0	1	29	0
4.662795	5.068953	1	0	1	29	0
-4.539893	-2.448119	1	0	1	29	0
5.107279	4.214234	1	0	1	29	0
2.482741	5.847017	1	0	1	29	0
1.489183	1.552062	1	0	1	29	0
-.381495	-.437889	1	0	1	29	0
1.820169	1.394267	1	0	1	29	0
2.544558	2.746965	1	0	1	29	0
3.338508	2.040626	1	0	1	29	0
4.895391	1.279301	1	1	1	30	1
1.998674	1.799749	1	1	1	30	1
2.512479	1.535475	1	1	1	30	1
1.307503	.831597	1	1	1	30	1
6.380504	2.930615	1	1	1	30	1
2.424293	1.311243	1	1	1	30	1
.065715	1.481567	1	1	1	30	1
5.548954	5.082034	1	1	1	30	1
.66581	1.664305	1	1	1	30	1
4.092565	4.622608	1	1	1	30	1
4.370832	4.051635	1	1	1	30	1
2.754216	-.698367	1	1	1	30	1
1.549901	-.329213	1	1	1	30	1
3.493751	3.686904	1	1	1	30	1
3.259842	2.809793	1	1	1	30	1
3.908919	1.941689	1	1	1	30	1
5.676465	3.68131	1	1	1	30	1
2.181383	1.605663	1	1	1	30	1
7.131197	4.1805	1	1	1	30	1
2.44575	-1.262295	1	1	1	30	1
-.480884	.068405	1	0	1	31	0
.503576	.103489	1	0	1	31	0
-.392046	.187318	1	0	1	31	0
-.999666	-.057576	1	0	1	31	0
-.309613	-.48514	1	0	1	31	0
1.835703	-.035563	1	0	1	31	0
1.674244	.451657	1	0	1	31	0
-.574196	-1.728926	1	0	1	31	0
3.20375	5.123154	1	0	1	31	0
.714147	1.095483	1	0	1	31	0
.760074	.644212	1	0	1	31	0
1.915399	.413856	1	0	1	31	0
1.681807	.331416	1	0	1	31	0
3.507268	2.595832	1	0	1	31	0
3.717304	3.346901	1	0	1	31	0
2.259468	2.655717	1	0	1	31	0
3.723859	.829525	1	0	1	31	0
-1.66013	-1.942931	1	0	1	31	0
5.587469	3.28904	1	0	1	31	0
-.120675	-.562984	1	0	1	31	0
2.95153	3.128901	0	1	1	32	0
-1.084775	-1.340737	0	1	1	32	0
1.136489	-.019772	0	1	1	32	0
-2.601631	-3.695619	0	1	1	32	0
-.359209	-.689309	0	1	1	32	0
-3.308448	-2.087551	0	1	1	32	0
1.947236	1.836985	0	1	1	32	0
.140172	-1.801616	0	1	1	32	0
.512297	.425241	0	1	1	32	0
-1.576464	-2.977259	0	1	1	32	0
-1.632588	-.48774	0	1	1	32	0
-3.056225	-2.864064	0	1	1	32	0
.756846	.566865	0	1	1	32	0
.543439	.236878	0	1	1	32	0
-1.354536	-1.583096	0	1	1	32	0
-.743051	-1.272823	0	1	1	32	0
.197772	-.368936	0	1	1	32	0
.285654	-.772518	0	1	1	32	0
-2.100965	-1.058896	0	1	1	32	0
.56292	.711373	0	1	1	32	0
.857588	.619817	0	1	1	33	0
-.230245	2.203102	0	1	1	33	0
-.509352	-2.677606	0	1	1	33	0
.032075	-1.120823	0	1	1	33	0
3.831362	-.496885	0	1	1	33	0
-1.520661	-2.434612	0	1	1	33	0
-.188176	-.072404	0	1	1	33	0
-.031048	-2.145045	0	1	1	33	0
.821767	-2.117859	0	1	1	33	0
.654451	-1.284629	0	1	1	33	0
2.475196	1.725393	0	1	1	33	0
-.323954	.081505	0	1	1	33	0
.573129	-.964145	0	1	1	33	0
.047418	.943346	0	1	1	33	0
.493789	-1.175167	0	1	1	33	0
-1.234434	.260877	0	1	1	33	0
2.832462	2.09287	0	1	1	33	0
3.164499	3.13485	0	1	1	33	0
-.024537	-3.086241	0	1	1	33	0
-1.811837	-2.155008	0	1	1	33	0
-3.835211	-4.332094	0	0	1	34	0
-4.333034	-4.300621	0	0	1	34	0
-5.100729	-5.26322	0	0	1	34	0
-.529612	-1.628157	0	0	1	34	0
-4.918521	-5.108189	0	0	1	34	0
-4.373138	-4.103982	0	0	1	34	0
-9.075808	-8.959039	0	0	1	34	0
-5.585277	-4.609113	0	0	1	34	0
-4.61997	-2.15654	0	0	1	34	0
-5.701355	-2.985813	0	0	1	34	0
-1.317491	.764683	0	0	1	34	0
-3.948633	-3.455516	0	0	1	34	0
-3.088183	-2.861602	0	0	1	34	0
-3.233978	-2.548243	0	0	1	34	0
-6.927863	-3.78603	0	0	1	34	0
-4.826436	-2.912656	0	0	1	34	0
-2.227327	-1.46698	0	0	1	34	0
-4.427725	-2.525548	0	0	1	34	0
-6.736276	-6.081234	0	0	1	34	0
-3.824852	-2.920571	0	0	1	34	0
.430364	-1.38863	0	0	1	35	0
.547353	2.004324	0	0	1	35	0
3.580992	2.185958	0	0	1	35	0
-.092534	2.876818	0	0	1	35	0
-.425091	1.614159	0	0	1	35	0
.824024	1.801078	0	0	1	35	0
-3.033306	-4.275501	0	0	1	35	0
2.973027	4.283701	0	0	1	35	0
-3.354599	-2.357099	0	0	1	35	0
-.39386	.919283	0	0	1	35	0
-1.766579	-1.328906	0	0	1	35	0
.386443	-.396835	0	0	1	35	0
1.449348	-.525878	0	0	1	35	0
-1.393556	-1.417958	0	0	1	35	0
-.374658	.279128	0	0	1	35	0
1.747827	.903647	0	0	1	35	0
-1.703517	-.866776	0	0	1	35	0
3.647465	.881414	0	0	1	35	0
-.142983	-.482601	0	0	1	35	0
-.596644	-1.270869	0	0	1	35	0
5.348361	4.365288	1	1	1	36	1
6.106727	4.602493	1	1	1	36	1
2.743524	.645476	1	1	1	36	1
4.440683	3.602609	1	1	1	36	1
3.48833	.686391	1	1	1	36	1
2.31235	1.802406	1	1	1	36	1
6.526292	3.507056	1	1	1	36	1
4.156877	4.785007	1	1	1	36	1
6.210596	5.038843	1	1	1	36	1
.200139	.991288	1	1	1	36	1
3.26217	3.164125	1	1	1	36	1
1.61515	1.350289	1	1	1	36	1
3.113622	2.25989	1	1	1	36	1
1.244954	.188545	1	1	1	36	1
1.704381	.656669	1	1	1	36	1
1.675645	.235558	1	1	1	36	1
6.622027	3.780728	1	1	1	36	1
3.355551	1.986372	1	1	1	36	1
3.968471	2.606794	1	1	1	36	1
5.817389	3.651404	1	1	1	36	1
-1.457982	-3.451965	0	1	1	37	0
-1.408773	-1.134988	0	1	1	37	0
1.953641	1.705211	0	1	1	37	0
.870054	.207321	0	1	1	37	0
1.679403	4.171064	0	1	1	37	0
3.760331	2.643806	0	1	1	37	0
.893746	2.280956	0	1	1	37	0
1.79305	1.711412	0	1	1	37	0
2.874273	1.339623	0	1	1	37	0
-1.613704	.608963	0	1	1	37	0
.565667	-1.276179	0	1	1	37	0
-.394438	1.038522	0	1	1	37	0
-.640833	.269221	0	1	1	37	0
6.367313	5.776358	0	1	1	37	0
.798178	-1.207411	0	1	1	37	0
-.223314	-.08941	0	1	1	37	0
3.515487	3.34381	0	1	1	37	0
3.156922	5.239347	0	1	1	37	0
1.582187	-.256967	0	1	1	37	0
-1.315602	1.976855	0	1	1	37	0
.50961	.124284	1	1	1	38	1
3.296328	3.356232	1	1	1	38	1
1.38753	1.465761	1	1	1	38	1
1.008544	1.678951	1	1	1	38	1
5.561363	5.630031	1	1	1	38	1
.970817	-1.141674	1	1	1	38	1
2.759301	1.777788	1	1	1	38	1
3.599691	2.836186	1	1	1	38	1
2.723117	2.06357	1	1	1	38	1
1.254176	1.741653	1	1	1	38	1
1.024013	-.435402	1	1	1	38	1
-1.159427	-1.083894	1	1	1	38	1
1.675065	.27653	1	1	1	38	1
-3.195696	-3.563968	1	1	1	38	1
4.126536	3.244756	1	1	1	38	1
3.466419	4.263983	1	1	1	38	1
3.81956	5.031829	1	1	1	38	1
.32533	.520015	1	1	1	38	1
3.737038	2.916849	1	1	1	38	1
2.632331	.890788	1	1	1	38	1
-.061371	-.943548	1	0	1	39	0
.539438	-.944087	1	0	1	39	0
-1.619367	-4.30054	1	0	1	39	0
1.104649	-1.599838	1	0	1	39	0
2.393084	1.75062	1	0	1	39	0
-1.323754	-2.199535	1	0	1	39	0
1.459255	.341038	1	0	1	39	0
1.228959	-.417496	1	0	1	39	0
-1.170282	-1.843926	1	0	1	39	0
.426842	-1.877286	1	0	1	39	0
-2.249849	-1.185543	1	0	1	39	0
-.296159	-.757552	1	0	1	39	0
-2.071489	-3.725011	1	0	1	39	0
1.153087	2.04006	1	0	1	39	0
-.475184	-2.070974	1	0	1	39	0
-2.64584	-2.891273	1	0	1	39	0
.828953	-.162112	1	0	1	39	0
1.282091	1.318591	1	0	1	39	0
.660264	1.865669	1	0	1	39	0
.009214	.284252	1	0	1	39	0
-3.188498	-2.32716	1	1	1	40	1
1.390323	-1.147016	1	1	1	40	1
-2.107483	-2.39603	1	1	1	40	1
-1.320754	1.095148	1	1	1	40	1
-1.806692	-.055532	1	1	1	40	1
-.483303	-2.254924	1	1	1	40	1
-.145919	-2.78068	1	1	1	40	1
1.669043	2.088018	1	1	1	40	1
-1.680305	-1.779339	1	1	1	40	1
-2.025951	-3.679351	1	1	1	40	1
-1.591589	-3.967763	1	1	1	40	1
-2.703615	-1.153392	1	1	1	40	1
2.365548	2.486112	1	1	1	40	1
-2.490612	-2.904729	1	1	1	40	1
-.617031	-1.409544	1	1	1	40	1
-1.801525	-2.603938	1	1	1	40	1
-1.548874	-4.060714	1	1	1	40	1
-2.486822	-3.849386	1	1	1	40	1
-2.268833	-2.3496	1	1	1	40	1
-.501136	-3.774404	1	1	1	40	1
.004835	1.10245	0	0	1	41	0
1.65722	2.206078	0	0	1	41	0
-.194099	-.943939	0	0	1	41	0
1.639579	.805941	0	0	1	41	0
1.811492	2.230309	0	0	1	41	0
-.250647	.563125	0	0	1	41	0
-.644087	-.585697	0	0	1	41	0
3.406921	4.058346	0	0	1	41	0
1.010436	.057884	0	0	1	41	0
-2.971531	-5.355116	0	0	1	41	0
3.204348	2.224482	0	0	1	41	0
.482355	1.132147	0	0	1	41	0
-1.36957	-2.511793	0	0	1	41	0
-1.513516	-2.905747	0	0	1	41	0
.615325	-.126205	0	0	1	41	0
-.952862	-3.244659	0	0	1	41	0
3.478426	3.550475	0	0	1	41	0
-1.698279	-2.149224	0	0	1	41	0
-.099302	-1.96746	0	0	1	41	0
-1.291156	-1.255317	0	0	1	41	0
-2.505606	-2.681424	0	0	1	41	0
.482212	-.150122	0	0	1	41	0
2.506425	1.83511	0	0	1	41	0
-1.240075	.51341	0	0	1	41	0
-.641391	-1.67459	0	0	1	41	0
3.327959	2.609012	0	1	1	42	0
3.999316	2.038018	0	1	1	42	0
2.317563	1.584726	0	1	1	42	0
2.698965	-.567189	0	1	1	42	0
4.921863	6.185455	0	1	1	42	0
-2.334874	-.69552	0	1	1	42	0
3.421291	2.254498	0	1	1	42	0
-.874723	-3.892733	0	1	1	42	0
-.104262	-.301423	0	1	1	42	0
1.896676	2.243377	0	1	1	42	0
.95045	.226736	0	1	1	42	0
2.340357	2.878485	0	1	1	42	0
1.877463	.69226	0	1	1	42	0
2.927285	2.435712	0	1	1	42	0
-4.091621	-2.640258	0	1	1	42	0
1.882714	.624866	0	1	1	42	0
-.231001	1.538119	0	1	1	42	0
3.867401	4.375675	0	1	1	42	0
-1.09449	-1.052673	0	1	1	42	0
.112168	2.23125	0	1	1	42	0
-2.888785	-5.551494	0	1	1	42	0
4.416114	3.451065	0	1	1	42	0
2.724341	1.971676	0	1	1	42	0
-.866432	-2.249696	0	1	1	42	0
3.186195	1.113704	0	1	1	42	0
1.26806	.952068	1	1	1	43	1
-1.333946	-1.820599	1	1	1	43	1
-1.483214	-2.565746	1	1	1	43	1
3.13345	2.296844	1	1	1	43	1
2.169166	2.797862	1	1	1	43	1
2.680691	-.235135	1	1	1	43	1
1.513552	2.426755	1	1	1	43	1
1.677216	1.09574	1	1	1	43	1
2.203423	.3833	1	1	1	43	1
-.074167	-.898302	1	1	1	43	1
1.750162	-.21771	1	1	1	43	1
2.076874	.846793	1	1	1	43	1
1.397527	1.28625	1	1	1	43	1
.136467	-1.47267	1	1	1	43	1
2.066525	1.412438	1	1	1	43	1
1.565464	.64541	1	1	1	43	1
.217833	-1.678994	1	1	1	43	1
1.555376	.668296	1	1	1	43	1
-.802692	-1.303914	1	1	1	43	1
-1.598808	.033424	1	1	1	43	1
.16111	-.460946	1	1	1	43	1
1.458538	.945055	1	1	1	43	1
1.652	-.732194	1	1	1	43	1
3.370466	.79982	1	1	1	43	1
-2.862594	-1.201081	1	1	1	43	1
1.225246	1.285694	1	0	1	44	0
3.918476	3.25595	1	0	1	44	0
.177734	-1.325809	1	0	1	44	0
1.866982	.797523	1	0	1	44	0
-.922892	-.418401	1	0	1	44	0
4.305972	2.324957	1	0	1	44	0
1.948547	-1.2055	1	0	1	44	0
2.088388	4.022452	1	0	1	44	0
-2.299805	1.737787	1	0	1	44	0
-.686462	-.283873	1	0	1	44	0
4.070236	4.290093	1	0	1	44	0
1.225621	-.545834	1	0	1	44	0
1.922939	1.865525	1	0	1	44	0
3.925889	1.555446	1	0	1	44	0
3.66871	2.21704	1	0	1	44	0
.510562	-.878978	1	0	1	44	0
-.108639	-.983863	1	0	1	44	0
.725814	.871778	1	0	1	44	0
-.51237	.000175	1	0	1	44	0
-1.864239	-.39973	1	0	1	44	0
1.101085	3.23327	1	0	1	44	0
-1.678994	-2.909577	1	0	1	44	0
1.561022	.955284	1	0	1	44	0
1.082633	-.755813	1	0	1	44	0
6.103463	3.405859	1	0	1	44	0
-1.742842	-.203057	1	0	1	45	0
-1.119436	-1.129509	1	0	1	45	0
-.925945	-.013866	1	0	1	45	0
.096378	.229308	1	0	1	45	0
2.669707	4.209577	1	0	1	45	0
-.559485	.942583	1	0	1	45	0
3.399682	1.460176	1	0	1	45	0
1.323814	.236696	1	0	1	45	0
-.063954	-.505657	1	0	1	45	0
1.625103	.294145	1	0	1	45	0
-.221247	.32636	1	0	1	45	0
2.740736	3.921922	1	0	1	45	0
-.046729	-.693631	1	0	1	45	0
1.465484	1.357587	1	0	1	45	0
-1.245748	-1.541334	1	0	1	45	0
-2.127938	-2.467808	1	0	1	45	0
1.486218	.148884	1	0	1	45	0
-2.447684	-3.701541	1	0	1	45	0
2.943323	2.563314	1	0	1	45	0
4.787819	4.225433	1	0	1	45	0
1.124986	2.01649	1	0	1	45	0
-3.579848	-2.822505	1	0	1	45	0
-3.458111	-2.626122	1	0	1	45	0
.889182	-.002124	1	0	1	45	0
-1.108731	-2.639103	1	0	1	45	0
-.8999	-1.010795	1	1	1	46	1
-1.952162	-1.514452	1	1	1	46	1
4.100618	1.507378	1	1	1	46	1
2.490642	3.223432	1	1	1	46	1
-1.655199	.071658	1	1	1	46	1
-.328579	-.423193	1	1	1	46	1
1.160151	-.085563	1	1	1	46	1
.047529	.919517	1	1	1	46	1
-4.095519	-4.359196	1	1	1	46	1
2.486021	.454234	1	1	1	46	1
.559589	1.766962	1	1	1	46	1
1.045318	.658742	1	1	1	46	1
-.130464	-1.078317	1	1	1	46	1
-2.642492	-3.99464	1	1	1	46	1
1.792805	.183502	1	1	1	46	1
2.210467	1.183901	1	1	1	46	1
-2.307884	-1.979054	1	1	1	46	1
.206492	-.075207	1	1	1	46	1
2.52405	.550348	1	1	1	46	1
.81319	.040686	1	1	1	46	1
3.830625	3.42995	1	1	1	46	1
3.81355	2.846906	1	1	1	46	1
3.287711	2.893682	1	1	1	46	1
1.029774	1.518956	1	1	1	46	1
3.51866	2.78326	1	1	1	46	1
.493428	1.963926	1	0	1	47	0
-.213153	-.566236	1	0	1	47	0
2.464693	2.169431	1	0	1	47	0
-2.802964	-.825187	1	0	1	47	0
-2.759751	-2.174325	1	0	1	47	0
-.697221	-2.015342	1	0	1	47	0
.046492	-.579924	1	0	1	47	0
-4.539857	-3.475035	1	0	1	47	0
.814	-.132194	1	0	1	47	0
1.570628	.757935	1	0	1	47	0
-.739122	-1.25744	1	0	1	47	0
3.253063	1.691149	1	0	1	47	0
.560092	-.519832	1	0	1	47	0
-1.691706	-1.704633	1	0	1	47	0
1.159463	.882635	1	0	1	47	0
-1.369063	-1.064148	1	0	1	47	0
3.227029	3.000128	1	0	1	47	0
-2.384208	-2.864967	1	0	1	47	0
-3.484607	-3.12541	1	0	1	47	0
-1.152009	-.762924	1	0	1	47	0
2.162121	1.63915	1	0	1	47	0
-1.661374	-1.351758	1	0	1	47	0
.376741	.787649	1	0	1	47	0
.603711	-.275239	1	0	1	47	0
-1.625216	-.878574	1	0	1	47	0
5.005949	5.260943	1	0	1	48	0
4.071095	2.373676	1	0	1	48	0
4.914045	4.702855	1	0	1	48	0
2.855236	.856784	1	0	1	48	0
3.600216	1.179541	1	0	1	48	0
5.532706	2.47109	1	0	1	48	0
5.206714	4.571452	1	0	1	48	0
5.626241	3.293244	1	0	1	48	0
2.26686	.574451	1	0	1	48	0
2.214896	2.471658	1	0	1	48	0
1.53898	-.735933	1	0	1	48	0
1.890231	2.343699	1	0	1	48	0
.576913	-.568553	1	0	1	48	0
5.344738	4.373109	1	0	1	48	0
6.254945	3.734473	1	0	1	48	0
4.096897	4.093173	1	0	1	48	0
1.609019	1.702965	1	0	1	48	0
.056269	-.861164	1	0	1	48	0
-1.058916	.224066	1	0	1	48	0
2.867555	2.653128	1	0	1	48	0
-.67274	1.950332	1	0	1	48	0
5.975024	4.077212	1	0	1	48	0
1.839468	1.215547	1	0	1	48	0
2.434697	2.801636	1	0	1	48	0
3.269222	1.416531	1	0	1	48	0
-1.078053	.54631	0	1	1	49	0
-1.627191	-1.823473	0	1	1	49	0
-1.200482	-.340747	0	1	1	49	0
2.843067	2.222514	0	1	1	49	0
2.983568	2.231868	0	1	1	49	0
2.557994	.346019	0	1	1	49	0
-2.4936	-2.702738	0	1	1	49	0
1.316698	-1.342729	0	1	1	49	0
1.223196	2.293267	0	1	1	49	0
.970333	.378158	0	1	1	49	0
-1.163015	-.201169	0	1	1	49	0
1.261026	-1.361081	0	1	1	49	0
2.228405	1.163136	0	1	1	49	0
1.346309	-.701986	0	1	1	49	0
-1.618249	-.251318	0	1	1	49	0
.459475	-.911689	0	1	1	49	0
4.179572	5.703777	0	1	1	49	0
4.199063	3.769313	0	1	1	49	0
1.89583	1.851565	0	1	1	49	0
4.344322	5.452217	0	1	1	49	0
2.42826	1.39937	0	1	1	49	0
.604978	2.453155	0	1	1	49	0
-.591289	-1.032802	0	1	1	49	0
-3.113483	-2.743095	0	1	1	49	0
1.041569	1.470847	0	1	1	49	0
-2.269977	-2.379937	1	1	1	50	1
-5.49344	-5.953849	1	1	1	50	1
-.545075	-4.997329	1	1	1	50	1
.327493	-2.542356	1	1	1	50	1
-1.939086	-2.971565	1	1	1	50	1
-.810848	-3.915358	1	1	1	50	1
-1.907457	-3.065705	1	1	1	50	1
-.125613	-2.601657	1	1	1	50	1
1.262946	.984354	1	1	1	50	1
-1.496125	-1.521506	1	1	1	50	1
-2.052935	-2.510693	1	1	1	50	1
-2.944863	-3.812083	1	1	1	50	1
-2.185139	-2.692885	1	1	1	50	1
-1.606644	-1.201483	1	1	1	50	1
4.250311	3.329174	1	1	1	50	1
-2.509545	-3.728768	1	1	1	50	1
-2.071324	-2.969009	1	1	1	50	1
-.694796	.991839	1	1	1	50	1
-.024685	-1.067141	1	1	1	50	1
-4.732001	-5.903464	1	1	1	50	1
-4.104901	-3.588613	1	1	1	50	1
.60771	-.194909	1	1	1	50	1
-1.555965	-2.208516	1	1	1	50	1
-.413311	-.778517	1	1	1	50	1
-1.282193	-3.730456	1	1	1	50	1
1.243348	.167341	0	0	1	51	0
1.223791	3.198707	0	0	1	51	0
-.977574	-4.182961	0	0	1	51	0
-.397988	.622274	0	0	1	51	0
-1.496646	1.744463	0	0	1	51	0
-1.816807	1.121421	0	0	1	51	0
-1.099381	-.158959	0	0	1	51	0
-3.38385	-.242006	0	0	1	51	0
-.391564	1.108998	0	0	1	51	0
-2.755864	-1.004625	0	0	1	51	0
-4.055559	-2.475112	0	0	1	51	0
-2.176913	.660316	0	0	1	51	0
-2.370435	-2.324825	0	0	1	51	0
.136696	.237355	0	0	1	51	0
-4.474028	-2.416106	0	0	1	51	0
-4.849304	-3.703849	0	0	1	51	0
-.595973	-.99382	0	0	1	51	0
.1088	2.024484	0	0	1	51	0
-2.197158	-1.585739	0	0	1	51	0
.104969	-.673156	0	0	1	51	0
-1.599016	-.846762	0	0	1	51	0
-4.05958	-1.540738	0	0	1	51	0
-.439441	-.936726	0	0	1	51	0
-.667053	.768207	0	0	1	51	0
.911439	2.657168	0	0	1	51	0
.91733	.18586	1	0	1	52	0
3.41489	2.946321	1	0	1	52	0
.997443	1.427112	1	0	1	52	0
2.186105	2.765548	1	0	1	52	0
.877876	.902881	1	0	1	52	0
2.591325	.967307	1	0	1	52	0
-3.543518	-2.086959	1	0	1	52	0
-.04361	-.275304	1	0	1	52	0
1.387913	1.425024	1	0	1	52	0
2.08525	2.297855	1	0	1	52	0
-.064905	.685386	1	0	1	52	0
2.609973	1.726841	1	0	1	52	0
-1.623826	-2.206374	1	0	1	52	0
3.084334	2.893623	1	0	1	52	0
3.211253	3.015959	1	0	1	52	0
1.648164	4.005253	1	0	1	52	0
.636629	-1.681211	1	0	1	52	0
7.48538	5.570111	1	0	1	52	0
.839432	.407437	1	0	1	52	0
.594798	-.181826	1	0	1	52	0
3.282882	1.798003	1	0	1	52	0
2.364867	1.753788	1	0	1	52	0
5.821427	4.710716	1	0	1	52	0
-.043382	.996832	1	0	1	52	0
2.177778	-.428737	1	0	1	52	0
-.925839	1.077843	0	0	1	53	0
-2.196018	-1.038135	0	0	1	53	0
1.611469	1.612483	0	0	1	53	0
-.772912	-2.130118	0	0	1	53	0
1.23184	1.105515	0	0	1	53	0
-2.476431	-2.693336	0	0	1	53	0
1.223034	.637645	0	0	1	53	0
3.244762	.715789	0	0	1	53	0
1.593735	1.438266	0	0	1	53	0
-4.672194	-3.160007	0	0	1	53	0
-.480373	-.730042	0	0	1	53	0
.407396	.552399	0	0	1	53	0
-1.665368	-.299531	0	0	1	53	0
-.825326	1.495392	0	0	1	53	0
-3.881883	-5.139529	0	0	1	53	0
.085134	.689219	0	0	1	53	0
-2.392809	-1.054763	0	0	1	53	0
-.236427	-.407596	0	0	1	53	0
-.447772	.80313	0	0	1	53	0
-1.729631	-2.863511	0	0	1	53	0
-1.583205	-1.082	0	0	1	53	0
-.754398	-3.34003	0	0	1	53	0
.192509	-2.122185	0	0	1	53	0
1.024759	-1.407081	0	0	1	53	0
-2.671973	-.919482	0	0	1	53	0
1.019125	1.381842	1	0	1	54	0
1.687152	.232893	1	0	1	54	0
2.890348	1.546886	1	0	1	54	0
-.599649	-1.051028	1	0	1	54	0
2.94281	.856275	1	0	1	54	0
2.056851	.331664	1	0	1	54	0
2.027752	1.094573	1	0	1	54	0
1.70146	1.447257	1	0	1	54	0
1.354736	1.448731	1	0	1	54	0
2.494814	1.252985	1	0	1	54	0
2.440202	1.730765	1	0	1	54	0
-1.498129	-.556772	1	0	1	54	0
-1.244603	-1.793506	1	0	1	54	0
-.378941	-.54903	1	0	1	54	0
.551746	-.207067	1	0	1	54	0
.746587	-.369026	1	0	1	54	0
.655784	2.893826	1	0	1	54	0
2.902357	2.039019	1	0	1	54	0
4.517094	1.738813	1	0	1	54	0
3.432863	1.976716	1	0	1	54	0
-.529344	-1.836651	1	0	1	54	0
1.098228	1.736162	1	0	1	54	0
-4.410498	-3.235798	1	0	1	54	0
2.963599	1.775665	1	0	1	54	0
3.469891	3.568824	1	0	1	54	0
-3.779194	-3.31348	1	1	1	55	1
1.26135	-1.679743	1	1	1	55	1
5.842187	3.663255	1	1	1	55	1
-3.526944	-2.231135	1	1	1	55	1
1.656548	.95372	1	1	1	55	1
.693407	1.448586	1	1	1	55	1
2.667739	3.606919	1	1	1	55	1
-2.263293	-1.999169	1	1	1	55	1
-.805311	-.623327	1	1	1	55	1
-.565868	-1.829362	1	1	1	55	1
.207269	-1.574082	1	1	1	55	1
1.600022	.80872	1	1	1	55	1
.844601	.622456	1	1	1	55	1
5.201639	5.487027	1	1	1	55	1
-.090653	-1.016057	1	1	1	55	1
-1.467235	-2.639112	1	1	1	55	1
-.782804	1.772104	1	1	1	55	1
1.263141	.133413	1	1	1	55	1
-1.682402	-2.564961	1	1	1	55	1
.389068	.610933	1	1	1	55	1
2.062852	.67327	1	1	1	55	1
3.517871	1.729588	1	1	1	55	1
-1.038634	-.913798	1	1	1	55	1
2.814333	.299292	1	1	1	55	1
.696377	-.01164	1	1	1	55	1
.349111	-1.38573	0	1	1	56	0
-.103898	-1.415404	0	1	1	56	0
1.876004	-.074467	0	1	1	56	0
1.285874	-.085224	0	1	1	56	0
3.9646	3.347545	0	1	1	56	0
.255288	-1.550541	0	1	1	56	0
3.591541	1.987121	0	1	1	56	0
1.78491	1.120247	0	1	1	56	0
.728434	.298906	0	1	1	56	0
-.84575	-.020499	0	1	1	56	0
-1.078393	-.288615	0	1	1	56	0
-.874963	-1.595631	0	1	1	56	0
1.626267	1.93965	0	1	1	56	0
-.862272	-.514939	0	1	1	56	0
2.505019	.068672	0	1	1	56	0
.453028	-3.222821	0	1	1	56	0
-.163973	-.158305	0	1	1	56	0
.243125	.582106	0	1	1	56	0
-2.795238	-3.4034	0	1	1	56	0
.253356	-.161959	0	1	1	56	0
-5.075522	-2.643989	0	1	1	56	0
.472362	-3.483658	0	1	1	56	0
-.640682	1.059397	0	1	1	56	0
-.502004	-.551354	0	1	1	56	0
-2.699571	-2.989959	0	1	1	56	0
.240262	-1.407255	0	1	1	57	0
-2.91167	-3.897046	0	1	1	57	0
2.493029	1.018467	0	1	1	57	0
-1.42204	-.988278	0	1	1	57	0
-2.33927	-3.733116	0	1	1	57	0
1.774688	-1.289639	0	1	1	57	0
.940193	-.247063	0	1	1	57	0
-1.253751	-3.666484	0	1	1	57	0
.059585	-.035874	0	1	1	57	0
.293598	-.413517	0	1	1	57	0
-.039496	-.086382	0	1	1	57	0
-1.396987	-.605592	0	1	1	57	0
.046314	-.893881	0	1	1	57	0
2.58382	1.730551	0	1	1	57	0
-1.667197	-1.108882	0	1	1	57	0
1.589119	1.125509	0	1	1	57	0
-.522723	-2.458668	0	1	1	57	0
1.612295	1.218206	0	1	1	57	0
1.494679	2.491458	0	1	1	57	0
-.46447	-1.203374	0	1	1	57	0
.291015	.228326	0	1	1	57	0
-.651714	-1.888552	0	1	1	57	0
-.621344	-1.68	0	1	1	57	0
-.435617	.637641	0	1	1	57	0
-1.652483	-2.038041	0	1	1	57	0
-3.174391	-4.451012	1	1	1	58	1
-1.469681	-1.780204	1	1	1	58	1
-3.51347	-5.071356	1	1	1	58	1
1.897497	.101149	1	1	1	58	1
.205903	-1.55754	1	1	1	58	1
-1.907249	-3.873574	1	1	1	58	1
.91839	-.353524	1	1	1	58	1
-.332243	-.209448	1	1	1	58	1
-1.973365	-2.486821	1	1	1	58	1
-5.46825	-3.58445	1	1	1	58	1
-3.317668	-5.463588	1	1	1	58	1
-2.843498	-3.716073	1	1	1	58	1
.45181	-1.805739	1	1	1	58	1
-1.922982	-3.940991	1	1	1	58	1
.01455	-.974407	1	1	1	58	1
1.282505	.270271	1	1	1	58	1
-1.538356	-2.91354	1	1	1	58	1
.352714	1.916351	1	1	1	58	1
-3.438011	-4.62597	1	1	1	58	1
-2.482952	-2.333159	1	1	1	58	1
-1.380973	-3.058878	1	1	1	58	1
-.479633	-3.707916	1	1	1	58	1
-1.414795	-2.171515	1	1	1	58	1
-.894794	-2.914624	1	1	1	58	1
-.577418	-1.795276	1	1	1	58	1
.07219	-1.189395	0	1	1	59	0
.049309	.611902	0	1	1	59	0
-1.251402	-.142035	0	1	1	59	0
1.691196	.170204	0	1	1	59	0
-1.950855	-3.502728	0	1	1	59	0
.100462	1.140511	0	1	1	59	0
1.700627	-.618999	0	1	1	59	0
2.490648	1.856888	0	1	1	59	0
.717337	-.494865	0	1	1	59	0
3.872991	1.948972	0	1	1	59	0
2.159615	1.06981	0	1	1	59	0
6.600397	4.521697	0	1	1	59	0
4.732481	3.402213	0	1	1	59	0
3.266031	2.909781	0	1	1	59	0
2.601366	4.751424	0	1	1	59	0
2.996471	2.06049	0	1	1	59	0
.218555	-.637561	0	1	1	59	0
1.269208	-.044742	0	1	1	59	0
2.31115	1.201898	0	1	1	59	0
2.260486	.451633	0	1	1	59	0
3.142576	-.234259	0	1	1	59	0
-.09904	.788423	0	1	1	59	0
3.115626	1.593858	0	1	1	59	0
3.348107	.886761	0	1	1	59	0
-1.142602	-1.096215	0	1	1	59	0
1.070517	-.08215	1	0	1	60	0
-.408381	-.067289	1	0	1	60	0
2.216889	1.252037	1	0	1	60	0
-2.939817	-4.197095	1	0	1	60	0
.327652	-1.726881	1	0	1	60	0
4.032043	2.114483	1	0	1	60	0
-2.249852	-2.439724	1	0	1	60	0
2.442602	2.128287	1	0	1	60	0
-1.651974	-1.148097	1	0	1	60	0
4.248598	6.104108	1	0	1	60	0
-.729319	-1.293872	1	0	1	60	0
-.117668	-2.480586	1	0	1	60	0
5.592753	4.869355	1	0	1	60	0
.294167	-.446025	1	0	1	60	0
3.195756	1.827056	1	0	1	60	0
-.09235	-.033043	1	0	1	60	0
-1.4673	-.081395	1	0	1	60	0
.112397	-.494426	1	0	1	60	0
-4.254462	-3.442912	1	0	1	60	0
.314198	.887411	1	0	1	60	0
3.86129	2.454862	1	0	1	60	0
-1.179592	-2.894328	1	0	1	60	0
.586251	.492531	1	0	1	60	0
-.410435	-.002729	1	0	1	60	0
-.803853	.104123	1	0	1	60	0
